MEME version 4

ALPHABET= FTIHMS

Background letter frequencies:
F 0.0457 T 0.0502 I 0.1377 H 0.1365 M 0.1050 S 0.5250

MOTIF filter0
letter-probability matrix: alength= 6 w= 7 nsites= 181636
0.0000 0.0000 0.1390 0.0000 0.0141 0.8469
0.0000 0.0000 0.0000 0.0000 0.0092 0.9908
0.0000 0.0098 0.1369 0.0557 0.0590 0.7386
0.0000 0.0205 0.1970 0.1055 0.0895 0.5875
0.0000 0.0306 0.1981 0.1421 0.1024 0.5268
0.0000 0.0405 0.1843 0.1677 0.1042 0.5033
0.0000 0.0513 0.1686 0.1764 0.1008 0.5030

MOTIF filter1
letter-probability matrix: alength= 6 w= 7 nsites= 44635
0.0000 0.0000 0.3876 0.5712 0.0411 0.0000
0.0000 0.0000 0.3080 0.5712 0.0411 0.0797
0.0000 0.0000 0.1836 0.4172 0.0307 0.3685
0.0000 0.0001 0.1229 0.3070 0.0243 0.5457
0.0000 0.0013 0.1157 0.2442 0.0259 0.6129
0.0000 0.0049 0.1286 0.2036 0.0368 0.6261
0.0000 0.0121 0.1436 0.1775 0.0560 0.6109

MOTIF filter2
letter-probability matrix: alength= 6 w= 7 nsites= 40067
0.6672 0.2498 0.0000 0.0000 0.0000 0.0830
0.5842 0.2498 0.0000 0.0000 0.0000 0.1660
0.5012 0.2498 0.0074 0.0011 0.0009 0.2396
0.4315 0.2498 0.0215 0.0036 0.0046 0.2890
0.3723 0.2498 0.0384 0.0084 0.0120 0.3192
0.3220 0.2498 0.0540 0.0146 0.0213 0.3383
0.2791 0.2498 0.0670 0.0218 0.0310 0.3514

MOTIF filter3
letter-probability matrix: alength= 6 w= 7 nsites= 36926
0.6193 0.0000 0.0000 0.3804 0.0002 0.0000
0.5436 0.0000 0.0000 0.3804 0.0000 0.0758
0.4680 0.0000 0.0000 0.3493 0.0000 0.1826
0.4037 0.0000 0.0065 0.2473 0.0008 0.3415
0.3492 0.0000 0.0196 0.1791 0.0040 0.4480
0.3026 0.0000 0.0391 0.1347 0.0127 0.5107
0.2634 0.0008 0.0603 0.1070 0.0262 0.5423

MOTIF filter4
letter-probability matrix: alength= 6 w= 7 nsites= 33920
0.0000 0.0000 0.0198 0.9408 0.0393 0.0000
0.0000 0.0000 0.0198 0.9408 0.0393 0.0000
0.0000 0.0000 0.0103 0.7041 0.0293 0.2562
0.0000 0.0000 0.0060 0.5141 0.0227 0.4571
0.0000 0.0002 0.0544 0.3817 0.0240 0.5396
0.0000 0.0024 0.1007 0.2886 0.0411 0.5671
0.0000 0.0060 0.1315 0.2220 0.0610 0.5795

MOTIF filter5
letter-probability matrix: alength= 6 w= 7 nsites= 574731
0.0555 0.0280 0.1297 0.1516 0.1463 0.4889
0.0455 0.0328 0.1258 0.1454 0.1535 0.4970
0.0387 0.0359 0.1246 0.1500 0.1395 0.5112
0.0330 0.0401 0.1291 0.1485 0.1313 0.5179
0.0282 0.0453 0.1320 0.1450 0.1262 0.5232
0.0243 0.0520 0.1341 0.1405 0.1225 0.5266
0.0211 0.0605 0.1351 0.1395 0.1195 0.5243

MOTIF filter6
letter-probability matrix: alength= 6 w= 7 nsites= 26711
0.9808 0.0000 0.0000 0.0023 0.0000 0.0168
0.8762 0.0000 0.0132 0.0041 0.0019 0.1046
0.7518 0.0000 0.0057 0.0041 0.0014 0.2370
0.6472 0.0000 0.0114 0.0052 0.0024 0.3338
0.5584 0.0000 0.0299 0.0075 0.0067 0.3974
0.4830 0.0000 0.0535 0.0123 0.0172 0.4340
0.4186 0.0000 0.0741 0.0201 0.0311 0.4561

MOTIF filter7
letter-probability matrix: alength= 6 w= 7 nsites= 124364
0.0000 0.0000 0.1194 0.0000 0.0811 0.7995
0.0000 0.0000 0.0000 0.0031 0.0204 0.9766
0.0000 0.0098 0.1399 0.0487 0.0903 0.7113
0.0000 0.0193 0.1960 0.0886 0.1259 0.5701
0.0000 0.0278 0.1936 0.1181 0.1363 0.5242
0.0000 0.0365 0.1802 0.1395 0.1345 0.5093
0.0000 0.0463 0.1656 0.1480 0.1282 0.5119

MOTIF filter8
letter-probability matrix: alength= 6 w= 7 nsites= 38796
0.0000 0.2595 0.0000 0.0000 0.7404 0.0000
0.0000 0.2595 0.0000 0.0000 0.7404 0.0000
0.0000 0.2595 0.0000 0.0000 0.6135 0.1270
0.0000 0.2595 0.0000 0.0000 0.5102 0.2302
0.0000 0.2600 0.0086 0.0052 0.4272 0.2991
0.0000 0.2623 0.0228 0.0185 0.3590 0.3375
0.0000 0.2674 0.0373 0.0397 0.3036 0.3520

MOTIF filter9
letter-probability matrix: alength= 6 w= 7 nsites= 146998
0.0000 0.0000 0.0000 0.0000 0.0000 1.0000
0.0000 0.0091 0.0062 0.0025 0.0643 0.9179
0.0000 0.0221 0.1569 0.0768 0.1084 0.6358
0.0000 0.0334 0.1958 0.1299 0.1232 0.5177
0.0000 0.0431 0.1828 0.1665 0.1207 0.4869
0.0000 0.0521 0.1650 0.1912 0.1117 0.4800
0.0000 0.0624 0.1502 0.1968 0.1016 0.4890

MOTIF filter10
letter-probability matrix: alength= 6 w= 7 nsites= 30012
0.0000 0.0000 0.4938 0.0000 0.1366 0.3695
0.0000 0.0186 0.2469 0.0378 0.1280 0.5686
0.0000 0.0207 0.1602 0.0486 0.1050 0.6654
0.0000 0.0271 0.1669 0.0857 0.1021 0.6182
0.0000 0.0351 0.1685 0.1195 0.1023 0.5745
0.0000 0.0452 0.1639 0.1448 0.1000 0.5460
0.0000 0.0561 0.1550 0.1634 0.0978 0.5276

MOTIF filter11
letter-probability matrix: alength= 6 w= 7 nsites= 23598
0.9918 0.0000 0.0080 0.0000 0.0000 0.0000
0.9918 0.0000 0.0080 0.0000 0.0000 0.0000
0.8509 0.0000 0.0036 0.0000 0.0000 0.1453
0.7326 0.0000 0.0016 0.0000 0.0000 0.2657
0.6320 0.0000 0.0137 0.0019 0.0016 0.3507
0.5467 0.0000 0.0354 0.0056 0.0079 0.4043
0.4738 0.0000 0.0583 0.0127 0.0192 0.4359

