MEME version 4

ALPHABET= ACGU

Background letter frequencies:
A 0.2574 C 0.2324 G 0.2297 U 0.2805

MOTIF filter0
letter-probability matrix: alength= 4 w= 7 nsites= 11020
0.1239 0.7914 0.0708 0.0140
0.0967 0.6870 0.0309 0.1854
0.2271 0.2753 0.2522 0.2454
0.1756 0.0746 0.7098 0.0400
0.0071 0.1063 0.8813 0.0054
0.0533 0.4339 0.3999 0.1128
0.0252 0.2639 0.1615 0.5494

MOTIF filter1
letter-probability matrix: alength= 4 w= 7 nsites= 2736
0.0719 0.6613 0.0004 0.2664
0.7033 0.0033 0.1555 0.1380
0.0161 0.8752 0.0004 0.1084
0.6153 0.2153 0.0755 0.0938
0.0135 0.7606 0.2255 0.0004
0.8901 0.0281 0.0555 0.0263
0.0551 0.6358 0.0409 0.2682

MOTIF filter2
letter-probability matrix: alength= 4 w= 7 nsites= 7242
0.0265 0.0218 0.0193 0.9324
0.0011 0.0001 0.0010 0.9978
0.0110 0.0001 0.0017 0.9872
0.1460 0.0001 0.0368 0.8170
0.0167 0.2123 0.0389 0.7321
0.2866 0.0843 0.0660 0.5631
0.1003 0.1330 0.3267 0.4400

MOTIF filter3
letter-probability matrix: alength= 4 w= 7 nsites= 5940
0.1967 0.4452 0.0003 0.3578
0.0207 0.8901 0.0890 0.0002
0.4549 0.2937 0.0651 0.1862
0.1999 0.3568 0.3452 0.0981
0.5045 0.0002 0.3811 0.1142
0.0183 0.0400 0.9221 0.0195
0.1999 0.4381 0.2630 0.0991

MOTIF filter4
letter-probability matrix: alength= 4 w= 7 nsites= 25151
0.0347 0.2108 0.6772 0.0773
0.1723 0.1635 0.6495 0.0147
0.0459 0.4509 0.5022 0.0011
0.1542 0.1226 0.2071 0.5161
0.0264 0.1844 0.7661 0.0231
0.1362 0.4562 0.3662 0.0414
0.1327 0.3015 0.2850 0.2808

MOTIF filter5
letter-probability matrix: alength= 4 w= 7 nsites= 5585
0.2106 0.0025 0.0310 0.7559
0.0002 0.1235 0.1113 0.7651
0.2990 0.0097 0.0002 0.6912
0.0064 0.1786 0.2313 0.5836
0.1764 0.1165 0.0324 0.6747
0.1693 0.0288 0.1974 0.6046
0.0002 0.1723 0.1446 0.6829

MOTIF filter6
letter-probability matrix: alength= 4 w= 7 nsites= 2796
0.0004 0.0429 0.0004 0.9564
0.0261 0.0150 0.0050 0.9539
0.1296 0.0004 0.0043 0.8657
0.0500 0.5596 0.0525 0.3379
0.5421 0.2064 0.0096 0.2418
0.2346 0.3139 0.2654 0.1861
0.1539 0.3846 0.2400 0.2214

MOTIF filter7
letter-probability matrix: alength= 4 w= 7 nsites= 68321
0.2452 0.2548 0.2004 0.2996
0.2182 0.2700 0.1804 0.3313
0.1581 0.3456 0.1288 0.3674
0.2033 0.2429 0.2142 0.3397
0.3610 0.1728 0.2733 0.1930
0.2122 0.4272 0.1076 0.2530
0.2711 0.2639 0.0608 0.4042

MOTIF filter8
letter-probability matrix: alength= 4 w= 7 nsites= 6381
0.4163 0.0113 0.1150 0.4575
0.8684 0.0088 0.0893 0.0335
0.2641 0.1781 0.0241 0.5338
0.5292 0.3608 0.0110 0.0990
0.1773 0.1591 0.0157 0.6479
0.7934 0.1923 0.0027 0.0116
0.3125 0.0865 0.2904 0.3107

MOTIF filter9
letter-probability matrix: alength= 4 w= 7 nsites= 10638
0.2132 0.0001 0.7218 0.0649
0.0758 0.0013 0.9228 0.0001
0.4058 0.2186 0.3672 0.0085
0.1940 0.0484 0.1621 0.5955
0.7272 0.1222 0.1159 0.0348
0.1483 0.1227 0.3620 0.3670
0.4325 0.0398 0.2159 0.3117

MOTIF filter10
letter-probability matrix: alength= 4 w= 7 nsites= 6819
0.0097 0.0256 0.1378 0.8269
0.0465 0.0655 0.0010 0.8870
0.1905 0.0290 0.0016 0.7788
0.0410 0.0355 0.0170 0.9065
0.0016 0.0254 0.0001 0.9729
0.1438 0.0001 0.0598 0.7963
0.0529 0.0356 0.0126 0.8989

MOTIF filter11
letter-probability matrix: alength= 4 w= 7 nsites= 2840
0.1667 0.1973 0.3924 0.2437
0.3966 0.1449 0.4008 0.0577
0.3193 0.1888 0.0091 0.4828
0.0601 0.2985 0.4248 0.2166
0.0222 0.0387 0.9381 0.0011
0.0018 0.8101 0.1677 0.0204
0.0004 0.1568 0.0011 0.8418

MOTIF filter12
letter-probability matrix: alength= 4 w= 7 nsites= 23626
0.0691 0.1442 0.7859 0.0007
0.3332 0.5485 0.1144 0.0039
0.2832 0.3276 0.3571 0.0321
0.3061 0.1244 0.5473 0.0223
0.3843 0.5041 0.0988 0.0128
0.3171 0.3153 0.2521 0.1155
0.4225 0.2306 0.3267 0.0202

MOTIF filter13
letter-probability matrix: alength= 4 w= 7 nsites= 22024
0.2160 0.3027 0.4696 0.0117
0.0696 0.1220 0.7576 0.0508
0.0601 0.4364 0.5016 0.0020
0.0074 0.6889 0.2780 0.0256
0.2845 0.5088 0.0640 0.1427
0.2751 0.2274 0.3678 0.1297
0.1151 0.2692 0.4709 0.1448

MOTIF filter14
letter-probability matrix: alength= 4 w= 7 nsites= 6282
0.4045 0.0008 0.3228 0.2719
0.1160 0.0006 0.8528 0.0305
0.7766 0.0076 0.2076 0.0081
0.3808 0.0752 0.4628 0.0811
0.7095 0.0500 0.0288 0.2117
0.4539 0.5274 0.0145 0.0043
0.3387 0.1456 0.0011 0.5146

MOTIF filter15
letter-probability matrix: alength= 4 w= 7 nsites= 5459
0.0967 0.0855 0.0527 0.7651
0.0533 0.0913 0.1528 0.7025
0.0002 0.1360 0.0492 0.8146
0.0002 0.0104 0.0002 0.9892
0.0062 0.0002 0.0038 0.9897
0.0139 0.0042 0.0291 0.9528
0.0355 0.1614 0.0002 0.8029

