MEME version 4

ALPHABET= ACGU

Background letter frequencies:
A 0.2471 C 0.2418 G 0.2463 U 0.2648

MOTIF filter0
letter-probability matrix: alength= 4 w= 7 nsites= 12768
0.2560 0.0001 0.7372 0.0068
0.0001 0.0275 0.9392 0.0333
0.1763 0.0191 0.4846 0.3200
0.1131 0.2878 0.4947 0.1044
0.3153 0.0926 0.4248 0.1673
0.2083 0.0937 0.4929 0.2051
0.1680 0.0181 0.5406 0.2733

MOTIF filter1
letter-probability matrix: alength= 4 w= 7 nsites= 9671
0.5962 0.0099 0.1357 0.2582
0.3520 0.1075 0.1052 0.4352
0.4044 0.0500 0.0772 0.4683
0.0360 0.1315 0.0001 0.8325
0.9899 0.0001 0.0001 0.0099
0.2863 0.0311 0.0916 0.5910
0.6136 0.0042 0.0513 0.3309

MOTIF filter2
letter-probability matrix: alength= 4 w= 7 nsites= 10445
0.0177 0.8258 0.0133 0.1432
0.0076 0.6681 0.0321 0.2923
0.0779 0.5869 0.0995 0.2357
0.0701 0.7216 0.0330 0.1753
0.0100 0.6150 0.0030 0.3720
0.0949 0.4760 0.0192 0.4098
0.1793 0.3094 0.1271 0.3842

MOTIF filter3
letter-probability matrix: alength= 4 w= 7 nsites= 1160
0.0009 0.8634 0.0756 0.0601
0.1555 0.0550 0.5979 0.1916
0.3256 0.1804 0.2174 0.2766
0.0052 0.9691 0.0026 0.0232
0.0954 0.0017 0.9021 0.0009
0.3127 0.0112 0.6692 0.0069
0.1469 0.3454 0.3256 0.1821

MOTIF filter4
letter-probability matrix: alength= 4 w= 7 nsites= 2130
0.3472 0.3575 0.0005 0.2948
0.0548 0.0380 0.9067 0.0005
0.1528 0.8421 0.0047 0.0005
0.6153 0.0933 0.2516 0.0398
0.0539 0.0009 0.9447 0.0005
0.4250 0.0445 0.5300 0.0005
0.1575 0.2713 0.1223 0.4489

MOTIF filter5
letter-probability matrix: alength= 4 w= 7 nsites= 9180
0.3653 0.0236 0.0107 0.6004
0.6253 0.0414 0.1171 0.2162
0.2802 0.1080 0.0847 0.5271
0.0861 0.1680 0.2685 0.4774
0.2853 0.0402 0.1531 0.5215
0.6529 0.1706 0.1220 0.0546
0.0118 0.3354 0.0008 0.6521

MOTIF filter6
letter-probability matrix: alength= 4 w= 7 nsites= 1822
0.1774 0.1802 0.0077 0.6347
0.0005 0.2065 0.7568 0.0361
0.2108 0.0301 0.7514 0.0077
0.6320 0.0893 0.0367 0.2421
0.1774 0.2382 0.5789 0.0055
0.2766 0.0197 0.7004 0.0033
0.9146 0.0635 0.0120 0.0099

MOTIF filter7
letter-probability matrix: alength= 4 w= 7 nsites= 13844
0.0877 0.0001 0.7655 0.1467
0.2904 0.0001 0.4170 0.2925
0.1138 0.0001 0.7768 0.1093
0.3132 0.0001 0.5453 0.1413
0.0161 0.1418 0.4770 0.3651
0.4591 0.0051 0.1937 0.3421
0.0513 0.1083 0.7338 0.1067

MOTIF filter8
letter-probability matrix: alength= 4 w= 7 nsites= 3573
0.2935 0.0816 0.0428 0.5821
0.5538 0.2368 0.1219 0.0875
0.2259 0.2474 0.0078 0.5189
0.6385 0.0565 0.2547 0.0503
0.5541 0.1448 0.2348 0.0663
0.0215 0.1129 0.5057 0.3598
0.3735 0.5018 0.0285 0.0962

MOTIF filter9
letter-probability matrix: alength= 4 w= 7 nsites= 1823
0.0859 0.2578 0.1472 0.5090
0.1478 0.0553 0.6568 0.1401
0.3114 0.0750 0.0290 0.5846
0.0005 0.5638 0.4198 0.0159
0.3246 0.1938 0.4811 0.0005
0.8205 0.0958 0.0482 0.0356
0.0465 0.1609 0.7192 0.0733

MOTIF filter10
letter-probability matrix: alength= 4 w= 7 nsites= 4202
0.7732 0.1291 0.0782 0.0195
0.2054 0.1838 0.6020 0.0088
0.2325 0.0266 0.7406 0.0002
0.0984 0.0145 0.8847 0.0024
0.2066 0.1129 0.5288 0.1517
0.2004 0.1486 0.3633 0.2877
0.3043 0.1322 0.3623 0.2011

MOTIF filter11
letter-probability matrix: alength= 4 w= 7 nsites= 1909
0.2148 0.6717 0.1129 0.0005
0.2331 0.0005 0.7658 0.0005
0.0784 0.0199 0.9012 0.0005
0.2906 0.2112 0.3826 0.1155
0.1751 0.0763 0.5499 0.1986
0.1793 0.1955 0.4255 0.1997
0.3283 0.3121 0.1741 0.1856

MOTIF filter12
letter-probability matrix: alength= 4 w= 7 nsites= 14312
0.5013 0.0231 0.0007 0.4750
0.7351 0.0015 0.0863 0.1771
0.2952 0.0332 0.0003 0.6713
0.5823 0.0001 0.1629 0.2547
0.3742 0.0404 0.0180 0.5674
0.3577 0.0112 0.1121 0.5190
0.4830 0.1124 0.0608 0.3438

MOTIF filter13
letter-probability matrix: alength= 4 w= 7 nsites= 4622
0.2410 0.2322 0.3236 0.2032
0.0441 0.2391 0.7166 0.0002
0.0367 0.3627 0.6003 0.0002
0.5914 0.0015 0.3908 0.0162
0.0002 0.0646 0.8493 0.0858
0.1738 0.6870 0.0002 0.1390
0.1135 0.4775 0.3537 0.0553

MOTIF filter14
letter-probability matrix: alength= 4 w= 7 nsites= 2106
0.0005 0.9986 0.0005 0.0005
0.6114 0.0005 0.3877 0.0005
0.1190 0.0033 0.8716 0.0062
0.0910 0.0024 0.9062 0.0005
0.2024 0.0014 0.7654 0.0308
0.2592 0.2597 0.2877 0.1934
0.2915 0.2806 0.2341 0.1938

MOTIF filter15
letter-probability matrix: alength= 4 w= 7 nsites= 14303
0.0693 0.0243 0.0342 0.8722
0.1502 0.0208 0.0056 0.8234
0.2476 0.1021 0.2625 0.3878
0.0212 0.0680 0.0177 0.8931
0.4126 0.0243 0.0557 0.5074
0.1069 0.1466 0.1246 0.6219
0.2504 0.0451 0.0587 0.6458

