MEME version 4

ALPHABET= FTIHMS

Background letter frequencies:
F 0.0493 T 0.0529 I 0.1386 H 0.1364 M 0.1070 S 0.5158

MOTIF filter0
letter-probability matrix: alength= 6 w= 7 nsites= 3825
0.0003 0.0736 0.4800 0.4456 0.0003 0.0003
0.0003 0.0736 0.4800 0.4456 0.0003 0.0003
0.0003 0.0736 0.2480 0.4260 0.0003 0.2519
0.0003 0.0736 0.1321 0.2631 0.0003 0.5307
0.0003 0.0754 0.0911 0.1966 0.0018 0.6348
0.0003 0.0807 0.0812 0.1514 0.0232 0.6633
0.0003 0.1013 0.0812 0.1459 0.1564 0.5150

MOTIF filter1
letter-probability matrix: alength= 6 w= 7 nsites= 19308
0.0001 0.0001 0.3600 0.0001 0.0001 0.6397
0.0001 0.0121 0.6409 0.0185 0.0001 0.3284
0.0001 0.0127 0.3837 0.0289 0.0017 0.5730
0.0001 0.0148 0.2489 0.0457 0.0075 0.6831
0.0001 0.0211 0.2177 0.0642 0.0249 0.6721
0.0001 0.0295 0.2126 0.0783 0.0481 0.6315
0.0001 0.0407 0.2025 0.0886 0.0706 0.5975

MOTIF filter2
letter-probability matrix: alength= 6 w= 7 nsites= 66069
0.0000 0.0000 0.7490 0.1613 0.0897 0.0000
0.0000 0.0000 0.4943 0.1613 0.0586 0.2858
0.0000 0.0000 0.2816 0.1613 0.0456 0.5115
0.0000 0.0019 0.2040 0.1648 0.0436 0.5857
0.0000 0.0071 0.1817 0.1401 0.0514 0.6198
0.0000 0.0166 0.1705 0.1360 0.0604 0.6165
0.0000 0.0280 0.1718 0.1377 0.0730 0.5896

MOTIF filter3
letter-probability matrix: alength= 6 w= 7 nsites= 3177
0.0003 0.0003 0.0003 0.4603 0.4760 0.0628
0.0003 0.0003 0.0003 0.4603 0.3949 0.1439
0.0003 0.0003 0.0069 0.4301 0.3173 0.2451
0.0003 0.0009 0.0160 0.2890 0.2538 0.4398
0.0003 0.0025 0.0553 0.2171 0.2026 0.5221
0.0003 0.0035 0.1414 0.1681 0.1624 0.5243
0.0003 0.0107 0.1345 0.1470 0.1367 0.5708

MOTIF filter4
letter-probability matrix: alength= 6 w= 7 nsites= 100207
0.0000 0.0189 0.0000 0.0004 0.9322 0.0485
0.0000 0.0189 0.0000 0.0235 0.8145 0.1431
0.0000 0.0189 0.0003 0.0236 0.6562 0.3009
0.0000 0.0193 0.0101 0.0292 0.5320 0.4093
0.0000 0.0214 0.0292 0.0443 0.4356 0.4695
0.0000 0.0264 0.0505 0.0637 0.3609 0.4986
0.0000 0.0348 0.0685 0.0924 0.3028 0.5015

MOTIF filter5
letter-probability matrix: alength= 6 w= 7 nsites= 9594
0.0001 0.0001 0.0001 0.0001 0.3063 0.6933
0.0001 0.0001 0.2382 0.0001 0.7614 0.0001
0.0001 0.0001 0.1358 0.0001 0.6005 0.2633
0.0001 0.0001 0.0817 0.0001 0.4725 0.4455
0.0001 0.0016 0.0735 0.0053 0.3778 0.5417
0.0001 0.0057 0.0908 0.0184 0.3137 0.5711
0.0001 0.0127 0.1120 0.0368 0.2732 0.5652

MOTIF filter6
letter-probability matrix: alength= 6 w= 7 nsites= 769157
0.0461 0.0194 0.1427 0.1342 0.1107 0.5469
0.0403 0.0231 0.1434 0.1408 0.1036 0.5489
0.0344 0.0275 0.1484 0.1464 0.1077 0.5356
0.0295 0.0327 0.1502 0.1494 0.1102 0.5280
0.0255 0.0389 0.1491 0.1506 0.1107 0.5252
0.0221 0.0463 0.1471 0.1503 0.1104 0.5238
0.0193 0.0553 0.1454 0.1490 0.1101 0.5209

MOTIF filter7
letter-probability matrix: alength= 6 w= 7 nsites= 35189
0.0000 0.0000 0.0614 0.9358 0.0000 0.0028
0.0000 0.0000 0.0641 0.9358 0.0000 0.0000
0.0000 0.0000 0.0363 0.6738 0.0000 0.2898
0.0000 0.0000 0.0208 0.4746 0.0000 0.5046
0.0000 0.0006 0.0384 0.3441 0.0073 0.6095
0.0000 0.0038 0.0869 0.2432 0.0368 0.6293
0.0000 0.0105 0.1204 0.1719 0.0707 0.6265

MOTIF filter8
letter-probability matrix: alength= 6 w= 7 nsites= 554586
0.0286 0.0334 0.1911 0.1017 0.1829 0.4623
0.0257 0.0387 0.1589 0.1079 0.1638 0.5051
0.0214 0.0429 0.1472 0.1241 0.1513 0.5132
0.0179 0.0480 0.1439 0.1362 0.1409 0.5131
0.0150 0.0542 0.1413 0.1422 0.1330 0.5143
0.0126 0.0619 0.1379 0.1480 0.1257 0.5139
0.0107 0.0714 0.1355 0.1528 0.1199 0.5097

MOTIF filter9
letter-probability matrix: alength= 6 w= 7 nsites= 18488
0.0001 0.0001 0.1108 0.0001 0.8889 0.0001
0.0001 0.0001 0.0649 0.0001 0.8094 0.1256
0.0001 0.0001 0.0291 0.0001 0.6419 0.3289
0.0001 0.0003 0.0299 0.0058 0.5143 0.4496
0.0001 0.0024 0.0484 0.0219 0.4174 0.5098
0.0001 0.0081 0.0676 0.0473 0.3450 0.5319
0.0001 0.0160 0.0840 0.0795 0.2898 0.5306

MOTIF filter10
letter-probability matrix: alength= 6 w= 7 nsites= 6950
0.0001 0.0001 0.0001 0.0001 0.2037 0.7957
0.0001 0.0001 0.4047 0.0001 0.5947 0.0001
0.0001 0.0001 0.2266 0.0001 0.4678 0.3052
0.0001 0.0001 0.1297 0.0001 0.3679 0.5020
0.0001 0.0014 0.1081 0.0037 0.2959 0.5907
0.0001 0.0065 0.1193 0.0184 0.2612 0.5945
0.0001 0.0151 0.1255 0.0321 0.2294 0.5978

MOTIF filter11
letter-probability matrix: alength= 6 w= 7 nsites= 17758
0.0001 0.0001 0.2941 0.0001 0.3338 0.3719
0.0001 0.0001 0.2061 0.0001 0.4075 0.3862
0.0001 0.0024 0.1556 0.0176 0.3279 0.4965
0.0001 0.0064 0.1330 0.0374 0.2692 0.5540
0.0001 0.0136 0.1293 0.0620 0.2269 0.5682
0.0001 0.0219 0.1337 0.0905 0.1978 0.5560
0.0001 0.0324 0.1366 0.1168 0.1703 0.5439

