MEME version 4

ALPHABET= FTIHMS

Background letter frequencies:
F 0.0526 T 0.0559 I 0.1356 H 0.1382 M 0.1113 S 0.5063

MOTIF filter0
letter-probability matrix: alength= 6 w= 7 nsites= 42888
0.7815 0.0000 0.0109 0.0010 0.0012 0.2053
0.6789 0.0000 0.0135 0.0018 0.0026 0.3032
0.5924 0.0000 0.0277 0.0045 0.0074 0.3680
0.5188 0.0000 0.0483 0.0108 0.0167 0.4054
0.4570 0.0000 0.0691 0.0193 0.0290 0.4255
0.4036 0.0000 0.0871 0.0298 0.0420 0.4374
0.3577 0.0000 0.1030 0.0405 0.0547 0.4441

MOTIF filter1
letter-probability matrix: alength= 6 w= 7 nsites= 20241
0.0000 0.0000 0.0000 0.0028 0.0013 0.9958
0.0000 0.0266 0.0373 0.0187 0.3778 0.5395
0.0000 0.0284 0.1066 0.0414 0.3288 0.4948
0.0000 0.0302 0.1280 0.0642 0.2893 0.4882
0.0000 0.0318 0.1325 0.0829 0.2553 0.4974
0.0000 0.0342 0.1377 0.1001 0.2216 0.5064
0.0000 0.0382 0.1426 0.1156 0.1952 0.5083

MOTIF filter2
letter-probability matrix: alength= 6 w= 7 nsites= 53758
0.8200 0.0000 0.0000 0.0000 0.0000 0.1800
0.7220 0.0000 0.0072 0.0008 0.0011 0.2689
0.6241 0.0000 0.0223 0.0031 0.0053 0.3451
0.5422 0.0000 0.0413 0.0085 0.0135 0.3945
0.4733 0.0000 0.0618 0.0165 0.0249 0.4235
0.4146 0.0000 0.0810 0.0264 0.0375 0.4405
0.3652 0.0000 0.0980 0.0374 0.0497 0.4496

MOTIF filter3
letter-probability matrix: alength= 6 w= 7 nsites= 10605
0.0001 0.2566 0.7430 0.0001 0.0001 0.0001
0.0001 0.2566 0.7430 0.0001 0.0001 0.0001
0.0001 0.2566 0.4943 0.0001 0.0001 0.2488
0.0001 0.2566 0.3337 0.0001 0.0001 0.4094
0.0001 0.2574 0.2435 0.0058 0.0006 0.4926
0.0001 0.2607 0.2005 0.0194 0.0045 0.5147
0.0001 0.2687 0.1782 0.0386 0.0124 0.5019

MOTIF filter4
letter-probability matrix: alength= 6 w= 7 nsites= 99354
0.0000 0.0013 0.3023 0.0000 0.0912 0.6051
0.0000 0.0155 0.6280 0.0649 0.2323 0.0592
0.0000 0.0163 0.3844 0.0650 0.1931 0.3413
0.0000 0.0170 0.2428 0.0651 0.1582 0.5168
0.0000 0.0204 0.1934 0.0754 0.1402 0.5706
0.0000 0.0277 0.1757 0.0823 0.1323 0.5820
0.0000 0.0382 0.1675 0.0963 0.1267 0.5714

MOTIF filter5
letter-probability matrix: alength= 6 w= 7 nsites= 374218
0.0000 0.0000 0.3062 0.0426 0.0000 0.6512
0.0000 0.0005 0.2786 0.0844 0.0023 0.6341
0.0000 0.0080 0.2502 0.1210 0.0337 0.5871
0.0000 0.0161 0.2258 0.1509 0.0542 0.5530
0.0000 0.0248 0.2044 0.1669 0.0664 0.5374
0.0000 0.0345 0.1867 0.1737 0.0734 0.5317
0.0000 0.0459 0.1732 0.1753 0.0768 0.5288

MOTIF filter6
letter-probability matrix: alength= 6 w= 7 nsites= 41469
0.0000 0.0215 0.9362 0.0151 0.0272 0.0000
0.0000 0.0215 0.6316 0.0151 0.0217 0.3100
0.0000 0.0215 0.3675 0.0151 0.0169 0.5790
0.0000 0.0230 0.2605 0.0219 0.0226 0.6720
0.0000 0.0285 0.2221 0.0350 0.0369 0.6775
0.0000 0.0373 0.2052 0.0570 0.0539 0.6465
0.0000 0.0508 0.1987 0.0792 0.0678 0.6036

MOTIF filter7
letter-probability matrix: alength= 6 w= 7 nsites= 86829
0.3860 0.0000 0.0082 0.4526 0.0002 0.1530
0.3353 0.0000 0.0155 0.3396 0.0007 0.3089
0.2926 0.0000 0.0254 0.2621 0.0062 0.4137
0.2563 0.0002 0.0491 0.2059 0.0171 0.4713
0.2257 0.0008 0.0754 0.1710 0.0327 0.4943
0.1994 0.0025 0.0999 0.1460 0.0522 0.5000
0.1767 0.0055 0.1175 0.1282 0.0714 0.5007

MOTIF filter8
letter-probability matrix: alength= 6 w= 7 nsites= 93163
0.0000 0.0000 0.0036 0.0000 0.7655 0.2308
0.0000 0.0002 0.0248 0.0000 0.6577 0.3173
0.0000 0.0013 0.0291 0.0130 0.5448 0.4118
0.0000 0.0042 0.0414 0.0354 0.4556 0.4634
0.0000 0.0092 0.0577 0.0659 0.3854 0.4818
0.0000 0.0164 0.0721 0.1025 0.3286 0.4804
0.0000 0.0261 0.0823 0.1371 0.2827 0.4717

MOTIF filter9
letter-probability matrix: alength= 6 w= 7 nsites= 45359
0.0000 0.0010 0.1143 0.8717 0.0130 0.0000
0.0000 0.0010 0.0986 0.6526 0.0130 0.2349
0.0000 0.0010 0.0526 0.4980 0.0102 0.4382
0.0000 0.0014 0.0566 0.3777 0.0165 0.5478
0.0000 0.0028 0.0829 0.2993 0.0340 0.5810
0.0000 0.0072 0.1098 0.2391 0.0639 0.5799
0.0000 0.0147 0.1285 0.1946 0.0911 0.5711

MOTIF filter10
letter-probability matrix: alength= 6 w= 7 nsites= 161703
0.0000 0.0000 0.0526 0.0000 0.0000 0.9474
0.0000 0.0000 0.0000 0.0387 0.0000 0.9612
0.0000 0.0140 0.1520 0.1016 0.0689 0.6635
0.0000 0.0270 0.1994 0.1502 0.1040 0.5193
0.0000 0.0378 0.1920 0.1818 0.1138 0.4746
0.0000 0.0475 0.1741 0.1955 0.1125 0.4705
0.0000 0.0580 0.1573 0.1953 0.1073 0.4822

MOTIF filter11
letter-probability matrix: alength= 6 w= 7 nsites= 290785
0.0151 0.0000 0.2245 0.0056 0.0877 0.6670
0.0000 0.0000 0.2828 0.0517 0.1494 0.5161
0.0000 0.0059 0.2421 0.0804 0.1487 0.5229
0.0000 0.0113 0.2067 0.1035 0.1419 0.5367
0.0000 0.0174 0.1849 0.1233 0.1346 0.5398
0.0000 0.0252 0.1730 0.1340 0.1284 0.5394
0.0000 0.0349 0.1646 0.1439 0.1212 0.5354

