MEME version 4

ALPHABET= FTIHMS

Background letter frequencies:
F 0.0489 T 0.0541 I 0.1380 H 0.1363 M 0.1066 S 0.5161

MOTIF filter0
letter-probability matrix: alength= 6 w= 7 nsites= 2718
0.0004 0.0004 0.0004 0.0004 0.0004 0.9982
0.0004 0.0004 0.0070 0.0004 0.0004 0.9916
0.0004 0.0004 0.3065 0.6920 0.0004 0.0004
0.0004 0.0004 0.2838 0.6920 0.0004 0.0231
0.0004 0.0004 0.0312 0.6920 0.0004 0.2757
0.0004 0.0004 0.0121 0.6630 0.0018 0.3223
0.0004 0.0022 0.0396 0.4354 0.0147 0.5077

MOTIF filter1
letter-probability matrix: alength= 6 w= 7 nsites= 52113
0.0000 0.0000 0.0000 0.0000 0.9999 0.0000
0.0000 0.0000 0.0000 0.0000 0.9999 0.0000
0.0000 0.0000 0.0000 0.0000 0.9999 0.0000
0.0000 0.0000 0.0000 0.0000 0.8165 0.1834
0.0000 0.0000 0.0000 0.0000 0.6659 0.3340
0.0000 0.0007 0.0129 0.0074 0.5486 0.4304
0.0000 0.0043 0.0331 0.0264 0.4556 0.4806

MOTIF filter2
letter-probability matrix: alength= 6 w= 7 nsites= 22915
0.0000 0.0389 0.0763 0.0000 0.0265 0.8583
0.0000 0.0402 0.1021 0.0000 0.0019 0.8557
0.0000 0.0421 0.0362 0.0000 0.0252 0.8964
0.0000 0.0496 0.2084 0.0794 0.0796 0.5830
0.0000 0.0738 0.3065 0.1510 0.0944 0.3742
0.0000 0.0830 0.2197 0.1877 0.0857 0.4239
0.0000 0.0933 0.1697 0.2106 0.0774 0.4489

MOTIF filter3
letter-probability matrix: alength= 6 w= 7 nsites= 18297
0.0001 0.0001 0.3955 0.2268 0.0262 0.3514
0.0001 0.0001 0.1154 0.1633 0.0375 0.6836
0.0001 0.0001 0.0710 0.0945 0.0563 0.7781
0.0001 0.0022 0.2890 0.1107 0.0612 0.5369
0.0001 0.0052 0.7408 0.1527 0.0717 0.0296
0.0001 0.0059 0.4137 0.1262 0.0574 0.3968
0.0001 0.0066 0.2419 0.1042 0.0449 0.6023

MOTIF filter4
letter-probability matrix: alength= 6 w= 7 nsites= 522330
0.0001 0.0028 0.1384 0.0200 0.0337 0.8050
0.0000 0.0068 0.1652 0.0510 0.0469 0.7300
0.0000 0.0123 0.1892 0.0886 0.0677 0.6422
0.0000 0.0177 0.1681 0.1243 0.0777 0.6121
0.0000 0.0246 0.1414 0.1516 0.0769 0.6055
0.0000 0.0350 0.1585 0.1673 0.0890 0.5502
0.0000 0.0468 0.1613 0.1749 0.0945 0.5225

MOTIF filter5
letter-probability matrix: alength= 6 w= 7 nsites= 131
0.0073 0.0073 0.0073 0.0073 0.0073 0.9635
0.0073 0.0073 0.0073 0.0073 0.0073 0.9635
0.0073 0.0073 0.4234 0.3358 0.2190 0.0073
0.0073 0.0073 0.4234 0.3358 0.2190 0.0073
0.0073 0.0073 0.4234 0.3358 0.2190 0.0073
0.0073 0.0073 0.2117 0.3358 0.1606 0.2774
0.0073 0.0073 0.0876 0.1971 0.1460 0.5547

MOTIF filter6
letter-probability matrix: alength= 6 w= 7 nsites= 72633
0.0000 0.0000 0.0000 0.0000 0.0340 0.9659
0.0000 0.0303 0.0000 0.0000 0.0243 0.9454
0.0000 0.0758 0.0000 0.0000 0.0404 0.8838
0.0000 0.1137 0.0000 0.0000 0.0815 0.8048
0.0000 0.1442 0.0000 0.0000 0.0875 0.7683
0.0000 0.1658 0.1198 0.0712 0.1080 0.5352
0.0000 0.1837 0.1509 0.1224 0.1096 0.4333

MOTIF filter7
letter-probability matrix: alength= 6 w= 7 nsites= 19923
0.0001 0.0001 0.0001 0.0336 0.0001 0.9662
0.0001 0.0001 0.4570 0.0418 0.0001 0.5010
0.0001 0.0001 0.5921 0.0418 0.0271 0.3388
0.0001 0.0001 0.4054 0.0418 0.1633 0.3894
0.0001 0.0001 0.0189 0.0001 0.1857 0.7953
0.0001 0.0062 0.0596 0.0272 0.1506 0.7563
0.0001 0.0203 0.1284 0.0720 0.1352 0.6440

MOTIF filter8
letter-probability matrix: alength= 6 w= 7 nsites= 21408
0.9967 0.0000 0.0000 0.0000 0.0000 0.0031
0.9737 0.0000 0.0013 0.0000 0.0000 0.0249
0.9624 0.0000 0.0031 0.0000 0.0000 0.0344
0.8613 0.0000 0.0080 0.0000 0.0000 0.1306
0.7773 0.0000 0.0363 0.0004 0.0009 0.1851
0.6762 0.0000 0.0253 0.0007 0.0014 0.2963
0.5922 0.0000 0.0314 0.0027 0.0051 0.3685

MOTIF filter9
letter-probability matrix: alength= 6 w= 7 nsites= 3687
0.0060 0.0003 0.2126 0.0003 0.1351 0.6458
0.0003 0.0003 0.3691 0.0003 0.2304 0.3997
0.0003 0.0003 0.0019 0.0003 0.1473 0.8500
0.0003 0.0035 0.1608 0.0647 0.2610 0.5096
0.0003 0.0065 0.1592 0.3704 0.2432 0.2204
0.0003 0.0081 0.1021 0.3796 0.1960 0.3138
0.0003 0.0089 0.0766 0.3916 0.1614 0.3612

MOTIF filter10
letter-probability matrix: alength= 6 w= 7 nsites= 80750
0.0000 0.0000 0.0000 0.0000 0.0000 0.9999
0.0000 0.0000 0.0843 0.0000 0.0000 0.9156
0.0000 0.0000 0.0588 0.0001 0.0157 0.9254
0.0000 0.0000 0.1126 0.0541 0.0101 0.8233
0.0000 0.0085 0.1750 0.0977 0.0302 0.6886
0.0000 0.0259 0.2059 0.1403 0.0719 0.5560
0.0000 0.0422 0.1991 0.1692 0.0895 0.4999

MOTIF filter11
letter-probability matrix: alength= 6 w= 7 nsites= 2614
0.0004 0.0004 0.0004 0.1103 0.0004 0.8882
0.0004 0.0004 0.0004 0.6031 0.0004 0.3954
0.0004 0.0004 0.0004 0.9981 0.0004 0.0004
0.0004 0.0004 0.0004 0.9981 0.0004 0.0004
0.0004 0.0004 0.0004 0.9981 0.0004 0.0004
0.0004 0.0004 0.0004 0.7275 0.0004 0.2710
0.0004 0.0004 0.0004 0.4691 0.0004 0.5294

MOTIF filter12
letter-probability matrix: alength= 6 w= 7 nsites= 906
0.0143 0.0011 0.0373 0.1513 0.0548 0.7412
0.0011 0.0011 0.1820 0.3684 0.1754 0.2719
0.0011 0.0011 0.1820 0.4967 0.3048 0.0143
0.0011 0.0011 0.1820 0.5099 0.3048 0.0011
0.0011 0.0011 0.1623 0.4836 0.3004 0.0515
0.0011 0.0011 0.0888 0.3180 0.2390 0.3520
0.0011 0.0011 0.0625 0.1864 0.2171 0.5318

MOTIF filter13
letter-probability matrix: alength= 6 w= 7 nsites= 2230
0.5801 0.0004 0.1024 0.0004 0.0004 0.3162
0.0452 0.0004 0.0004 0.0004 0.0004 0.9530
0.0004 0.0004 0.0058 0.0004 0.0004 0.9924
0.0004 0.0004 0.0210 0.0004 0.1055 0.8721
0.0004 0.0004 0.5076 0.0089 0.4821 0.0004
0.0004 0.0004 0.2558 0.0089 0.3877 0.3466
0.0004 0.0004 0.1351 0.0089 0.3037 0.5514

MOTIF filter14
letter-probability matrix: alength= 6 w= 7 nsites= 1882
0.0005 0.0005 0.9974 0.0005 0.0005 0.0005
0.0005 0.0005 0.8008 0.0005 0.0005 0.1970
0.0005 0.0005 0.0005 0.0005 0.0005 0.9974
0.0005 0.0005 0.0005 0.0005 0.0005 0.9974
0.0005 0.0005 0.3988 0.0005 0.1149 0.4846
0.0005 0.0090 0.3040 0.0101 0.1197 0.5567
0.0005 0.0196 0.1875 0.0196 0.1261 0.6467

MOTIF filter15
letter-probability matrix: alength= 6 w= 7 nsites= 15690
0.0001 0.0001 0.0001 0.1196 0.0219 0.8582
0.0001 0.0001 0.5025 0.3135 0.1838 0.0001
0.0001 0.0001 0.2434 0.3135 0.1646 0.2784
0.0001 0.0001 0.0396 0.3089 0.0878 0.5636
0.0001 0.0001 0.0403 0.2463 0.0511 0.6621
0.0001 0.0054 0.0845 0.1766 0.0605 0.6730
0.0001 0.0173 0.1107 0.1430 0.0927 0.6363

