MEME version 4

ALPHABET= ACGU

Background letter frequencies:
A 0.2693 C 0.2150 G 0.2278 U 0.2878

MOTIF filter0
letter-probability matrix: alength= 4 w= 7 nsites= 17989
0.2725 0.0053 0.3573 0.3650
0.0478 0.2188 0.7163 0.0171
0.2589 0.0444 0.6948 0.0019
0.1701 0.1692 0.5615 0.0991
0.2251 0.2579 0.3142 0.2027
0.2145 0.2505 0.3239 0.2111
0.2449 0.2275 0.3144 0.2132

MOTIF filter1
letter-probability matrix: alength= 4 w= 7 nsites= 9871
0.3729 0.4438 0.0458 0.1375
0.0001 0.3797 0.0001 0.6201
0.0432 0.0001 0.9566 0.0001
0.3592 0.2851 0.0389 0.3169
0.2518 0.2286 0.2562 0.2634
0.2547 0.2022 0.2731 0.2700
0.2565 0.2410 0.2164 0.2861

MOTIF filter2
letter-probability matrix: alength= 4 w= 7 nsites= 12931
0.0192 0.5773 0.3552 0.0483
0.5745 0.1302 0.2175 0.0778
0.5419 0.1920 0.0567 0.2094
0.0001 0.7146 0.2819 0.0034
0.3145 0.2674 0.1544 0.2637
0.2554 0.2455 0.2232 0.2759
0.2203 0.3023 0.2690 0.2084

MOTIF filter3
letter-probability matrix: alength= 4 w= 7 nsites= 18564
0.1483 0.2219 0.3137 0.3161
0.3727 0.0001 0.6272 0.0001
0.0001 0.0001 0.9998 0.0001
0.0001 0.0820 0.9179 0.0001
0.2902 0.2641 0.2447 0.2010
0.2469 0.2223 0.2893 0.2414
0.2244 0.2212 0.3172 0.2372

MOTIF filter4
letter-probability matrix: alength= 4 w= 7 nsites= 8371
0.0001 0.0146 0.0001 0.9852
0.4315 0.0074 0.5303 0.0308
0.3421 0.1851 0.0281 0.4448
0.3938 0.0355 0.1864 0.3844
0.2263 0.1992 0.2088 0.3657
0.2855 0.2011 0.2118 0.3016
0.2571 0.1882 0.1820 0.3728

MOTIF filter5
letter-probability matrix: alength= 4 w= 7 nsites= 38612
0.0000 0.5351 0.0000 0.4649
0.0000 0.5590 0.0000 0.4409
0.0193 0.5660 0.0000 0.4146
0.0837 0.4874 0.0145 0.4144
0.2328 0.2757 0.1687 0.3229
0.2252 0.2646 0.2089 0.3013
0.2260 0.2749 0.1989 0.3001

MOTIF filter6
letter-probability matrix: alength= 4 w= 7 nsites= 34190
0.2793 0.0878 0.6328 0.0000
0.0086 0.4398 0.5516 0.0000
0.2809 0.2281 0.3809 0.1100
0.0556 0.4858 0.3153 0.1433
0.2347 0.2901 0.2345 0.2407
0.2104 0.2757 0.2962 0.2177
0.2054 0.2824 0.3022 0.2100

MOTIF filter7
letter-probability matrix: alength= 4 w= 7 nsites= 22000
0.0438 0.1603 0.0070 0.7889
0.0000 0.3664 0.0462 0.5873
0.0650 0.1173 0.0000 0.8176
0.0899 0.2501 0.0413 0.6187
0.2119 0.2098 0.1490 0.4293
0.2211 0.2067 0.1565 0.4157
0.2369 0.1958 0.1657 0.4017

MOTIF filter8
letter-probability matrix: alength= 4 w= 7 nsites= 17724
0.4207 0.0248 0.0461 0.5084
0.0860 0.0001 0.9139 0.0001
0.0001 0.0231 0.0001 0.9768
0.1911 0.0001 0.6004 0.2085
0.2525 0.1791 0.2467 0.3216
0.2814 0.1940 0.2080 0.3166
0.2618 0.1804 0.2235 0.3343

MOTIF filter9
letter-probability matrix: alength= 4 w= 7 nsites= 32995
0.1814 0.4417 0.2799 0.0970
0.0828 0.5303 0.3199 0.0671
0.1390 0.6651 0.1422 0.0538
0.0990 0.5929 0.2015 0.1066
0.2189 0.3221 0.2234 0.2356
0.1932 0.3081 0.2908 0.2079
0.1924 0.3192 0.2828 0.2056

MOTIF filter10
letter-probability matrix: alength= 4 w= 7 nsites= 9535
0.0097 0.3969 0.0233 0.5701
0.0840 0.4989 0.3704 0.0468
0.3461 0.0524 0.5928 0.0087
0.0578 0.0774 0.8613 0.0036
0.2526 0.2951 0.2667 0.1856
0.2200 0.2808 0.2423 0.2568
0.2233 0.2561 0.2434 0.2772

MOTIF filter11
letter-probability matrix: alength= 4 w= 7 nsites= 2783
0.0269 0.6014 0.0004 0.3714
0.0535 0.0427 0.9035 0.0004
0.4639 0.1747 0.3545 0.0068
0.3025 0.3692 0.1252 0.2031
0.2504 0.2217 0.3186 0.2092
0.2569 0.2397 0.2508 0.2526
0.2135 0.3053 0.2533 0.2278

