MEME version 4

ALPHABET= FTIHMS

Background letter frequencies:
F 0.0489 T 0.0541 I 0.1380 H 0.1363 M 0.1066 S 0.5161

MOTIF filter0
letter-probability matrix: alength= 6 w= 7 nsites= 275341
0.0750 0.0103 0.1604 0.2041 0.0583 0.4920
0.0697 0.0124 0.1045 0.1997 0.0676 0.5460
0.0604 0.0179 0.1315 0.1887 0.0787 0.5229
0.0525 0.0240 0.1418 0.1779 0.0837 0.5201
0.0460 0.0304 0.1437 0.1723 0.0864 0.5211
0.0404 0.0377 0.1445 0.1688 0.0889 0.5197
0.0355 0.0467 0.1456 0.1657 0.0921 0.5143

MOTIF filter1
letter-probability matrix: alength= 6 w= 7 nsites= 7495
0.0001 0.0001 0.0001 0.0001 0.0001 0.9993
0.0001 0.0001 0.0001 0.0001 0.0001 0.9993
0.0001 0.0055 0.1366 0.0428 0.0343 0.7807
0.0001 0.0141 0.1906 0.0871 0.0711 0.6370
0.0001 0.0240 0.2049 0.1209 0.1020 0.5481
0.0001 0.0343 0.1998 0.1429 0.1103 0.5126
0.0001 0.0433 0.1774 0.1488 0.1059 0.5245

MOTIF filter2
letter-probability matrix: alength= 6 w= 7 nsites= 14128
0.0001 0.0001 0.3141 0.0001 0.0001 0.6857
0.0001 0.0020 0.9977 0.0001 0.0001 0.0001
0.0001 0.0020 0.5372 0.0001 0.0001 0.4606
0.0001 0.0020 0.2974 0.0001 0.0001 0.7004
0.0001 0.0040 0.2349 0.0026 0.0214 0.7370
0.0001 0.0088 0.2257 0.0068 0.0562 0.7024
0.0001 0.0171 0.2145 0.0119 0.0911 0.6654

MOTIF filter3
letter-probability matrix: alength= 6 w= 7 nsites= 3346
0.0003 0.9985 0.0003 0.0003 0.0003 0.0003
0.0003 0.9985 0.0003 0.0003 0.0003 0.0003
0.0003 0.9985 0.0003 0.0003 0.0003 0.0003
0.0003 0.9985 0.0003 0.0003 0.0003 0.0003
0.0003 0.9985 0.0003 0.0003 0.0003 0.0003
0.0003 0.9985 0.0003 0.0003 0.0003 0.0003
0.0003 0.9985 0.0003 0.0003 0.0003 0.0003

MOTIF filter4
letter-probability matrix: alength= 6 w= 7 nsites= 119407
0.0000 0.0991 0.0584 0.3883 0.3081 0.1461
0.0000 0.0994 0.0806 0.3059 0.2615 0.2526
0.0000 0.0995 0.0647 0.2230 0.2203 0.3925
0.0000 0.1002 0.0680 0.1676 0.1927 0.4715
0.0000 0.1025 0.0841 0.1307 0.1770 0.5057
0.0000 0.1071 0.1001 0.1132 0.1680 0.5117
0.0000 0.1140 0.1119 0.1056 0.1630 0.5055

MOTIF filter5
letter-probability matrix: alength= 6 w= 7 nsites= 104078
0.2135 0.0000 0.0000 0.0000 0.0008 0.7856
0.1844 0.0000 0.0243 0.0049 0.0054 0.7809
0.1597 0.0093 0.1402 0.0512 0.0644 0.5752
0.1389 0.0167 0.1711 0.0845 0.0920 0.4968
0.1216 0.0224 0.1682 0.1084 0.1010 0.4784
0.1068 0.0278 0.1602 0.1255 0.1020 0.4777
0.0940 0.0333 0.1526 0.1325 0.1005 0.4871

MOTIF filter6
letter-probability matrix: alength= 6 w= 7 nsites= 52168
0.0000 0.0004 0.0269 0.7001 0.0139 0.2587
0.0000 0.0022 0.2196 0.7177 0.0606 0.0000
0.0000 0.0022 0.1147 0.5281 0.0480 0.3071
0.0000 0.0022 0.0614 0.3963 0.0374 0.5027
0.0000 0.0031 0.0720 0.2990 0.0402 0.5856
0.0000 0.0061 0.0992 0.2326 0.0544 0.6077
0.0000 0.0125 0.1230 0.1856 0.0761 0.6028

MOTIF filter7
letter-probability matrix: alength= 6 w= 7 nsites= 10279
0.0001 0.9995 0.0001 0.0001 0.0001 0.0001
0.0001 0.9995 0.0001 0.0001 0.0001 0.0001
0.0001 0.9995 0.0001 0.0001 0.0001 0.0001
0.0001 0.9995 0.0001 0.0001 0.0001 0.0001
0.0001 0.9995 0.0001 0.0001 0.0001 0.0001
0.0001 0.9995 0.0001 0.0001 0.0001 0.0001
0.0001 0.9995 0.0001 0.0001 0.0001 0.0001

MOTIF filter8
letter-probability matrix: alength= 6 w= 7 nsites= 29530
0.6499 0.0160 0.2690 0.0000 0.0000 0.0650
0.6499 0.0358 0.3017 0.0126 0.0000 0.0000
0.5628 0.0358 0.1896 0.0126 0.0000 0.1992
0.4895 0.0358 0.1230 0.0126 0.0000 0.3390
0.4286 0.0363 0.0982 0.0163 0.0013 0.4194
0.3764 0.0379 0.0976 0.0203 0.0065 0.4614
0.3313 0.0409 0.1048 0.0310 0.0159 0.4761

MOTIF filter9
letter-probability matrix: alength= 6 w= 7 nsites= 7562
0.0001 0.0277 0.0001 0.5498 0.4095 0.0127
0.0001 0.0403 0.0001 0.5498 0.3154 0.0942
0.0001 0.0403 0.0001 0.5252 0.2471 0.1871
0.0001 0.0404 0.0063 0.3298 0.1908 0.4325
0.0001 0.0410 0.0296 0.2229 0.1561 0.5503
0.0001 0.0480 0.0740 0.1505 0.1798 0.5476
0.0001 0.0613 0.0761 0.1197 0.2414 0.5013

MOTIF filter10
letter-probability matrix: alength= 6 w= 7 nsites= 41934
0.9927 0.0038 0.0035 0.0000 0.0000 0.0000
0.9927 0.0038 0.0035 0.0000 0.0000 0.0000
0.8432 0.0038 0.0013 0.0000 0.0000 0.1517
0.7195 0.0038 0.0005 0.0000 0.0000 0.2762
0.6169 0.0038 0.0142 0.0013 0.0016 0.3623
0.5313 0.0038 0.0356 0.0058 0.0081 0.4154
0.4590 0.0039 0.0592 0.0140 0.0195 0.4445

MOTIF filter11
letter-probability matrix: alength= 6 w= 7 nsites= 89203
0.0000 0.0000 0.5173 0.0000 0.0000 0.4827
0.0000 0.0000 0.3408 0.0000 0.0000 0.6592
0.0000 0.0025 0.2621 0.0220 0.0091 0.7043
0.0000 0.0085 0.2316 0.0536 0.0238 0.6825
0.0000 0.0169 0.2184 0.0870 0.0400 0.6377
0.0000 0.0278 0.2081 0.1190 0.0531 0.5919
0.0000 0.0408 0.1960 0.1407 0.0638 0.5587

