MEME version 4

ALPHABET= ACGU

Background letter frequencies:
A 0.2693 C 0.2150 G 0.2278 U 0.2878

MOTIF filter0
letter-probability matrix: alength= 4 w= 7 nsites= 5256
0.1494 0.0428 0.0068 0.8010
0.6198 0.0160 0.2859 0.0783
0.5563 0.0403 0.0253 0.3781
0.6732 0.0226 0.0152 0.2890
0.2143 0.0186 0.6414 0.1257
0.1120 0.0407 0.0057 0.8416
0.7557 0.0010 0.2144 0.0289

MOTIF filter1
letter-probability matrix: alength= 4 w= 7 nsites= 4289
0.6087 0.0676 0.2933 0.0305
0.0193 0.3927 0.0002 0.5877
0.0002 0.0999 0.8996 0.0002
0.1027 0.0466 0.4151 0.4356
0.6301 0.0021 0.0387 0.3291
0.1831 0.2905 0.2674 0.2590
0.2460 0.5157 0.1896 0.0487

MOTIF filter2
letter-probability matrix: alength= 4 w= 7 nsites= 22353
0.0000 0.3681 0.0003 0.6315
0.0015 0.3327 0.0000 0.6657
0.0000 0.4536 0.0000 0.5463
0.0118 0.4455 0.0000 0.5427
0.0605 0.3632 0.0603 0.5160
0.2271 0.2079 0.0899 0.4751
0.1534 0.3275 0.1405 0.3786

MOTIF filter3
letter-probability matrix: alength= 4 w= 7 nsites= 3293
0.4659 0.0349 0.1577 0.3415
0.0003 0.1162 0.0227 0.8608
0.0003 0.0003 0.9991 0.0003
0.0015 0.0018 0.0003 0.9964
0.5544 0.0061 0.2772 0.1623
0.4001 0.1086 0.0692 0.4222
0.3306 0.0036 0.2078 0.4580

MOTIF filter4
letter-probability matrix: alength= 4 w= 7 nsites= 4904
0.3193 0.5137 0.0707 0.0964
0.0856 0.6398 0.1381 0.1365
0.8696 0.0010 0.0077 0.1216
0.0752 0.6956 0.1891 0.0401
0.4146 0.5053 0.0668 0.0132
0.6946 0.0002 0.0483 0.2569
0.3399 0.4362 0.1701 0.0538

MOTIF filter5
letter-probability matrix: alength= 4 w= 7 nsites= 18476
0.0517 0.0325 0.0664 0.8495
0.2240 0.0003 0.1159 0.6598
0.2470 0.0184 0.2292 0.5055
0.1404 0.0001 0.1509 0.7086
0.0598 0.1617 0.1338 0.6446
0.0013 0.0002 0.0001 0.9984
0.0313 0.2497 0.0077 0.7113

MOTIF filter6
letter-probability matrix: alength= 4 w= 7 nsites= 1918
0.0062 0.7872 0.1675 0.0390
0.6191 0.0026 0.2778 0.1004
0.6889 0.0479 0.0120 0.2513
0.0057 0.6774 0.2274 0.0895
0.2393 0.1686 0.5437 0.0484
0.6863 0.0473 0.1290 0.1374
0.0146 0.5957 0.3637 0.0260

MOTIF filter7
letter-probability matrix: alength= 4 w= 7 nsites= 6583
0.3770 0.0267 0.5444 0.0519
0.3323 0.2385 0.0314 0.3978
0.2991 0.0527 0.2286 0.4196
0.3648 0.0023 0.1450 0.4879
0.2859 0.1403 0.3202 0.2537
0.2194 0.0826 0.0949 0.6032
0.4462 0.0542 0.2724 0.2273

MOTIF filter8
letter-probability matrix: alength= 4 w= 7 nsites= 24818
0.2194 0.2061 0.3930 0.1816
0.0308 0.7068 0.2016 0.0609
0.1000 0.4881 0.2926 0.1193
0.0754 0.6281 0.2193 0.0773
0.1188 0.3903 0.3598 0.1312
0.0791 0.4444 0.4444 0.0321
0.1004 0.5236 0.3467 0.0292

MOTIF filter9
letter-probability matrix: alength= 4 w= 7 nsites= 3094
0.0913 0.2879 0.0575 0.5633
0.3851 0.0003 0.5920 0.0226
0.5268 0.3386 0.0520 0.0826
0.0778 0.2421 0.0268 0.6533
0.0174 0.0061 0.9380 0.0384
0.4496 0.1291 0.0991 0.3221
0.3260 0.1782 0.0771 0.4187

MOTIF filter10
letter-probability matrix: alength= 4 w= 7 nsites= 8352
0.1641 0.1665 0.4503 0.2191
0.0775 0.2408 0.4077 0.2739
0.0048 0.8100 0.0719 0.1133
0.0941 0.3640 0.0199 0.5220
0.1322 0.0501 0.7828 0.0348
0.1933 0.0001 0.8065 0.0001
0.0018 0.0048 0.9933 0.0001

MOTIF filter11
letter-probability matrix: alength= 4 w= 7 nsites= 13098
0.0488 0.6136 0.1655 0.1721
0.3111 0.2361 0.2480 0.2048
0.0168 0.4666 0.2913 0.2253
0.0653 0.2809 0.0246 0.6292
0.0002 0.6599 0.0001 0.3399
0.0065 0.5870 0.0005 0.4060
0.0076 0.4898 0.0144 0.4881

MOTIF filter12
letter-probability matrix: alength= 4 w= 7 nsites= 7287
0.0043 0.3043 0.6837 0.0077
0.3607 0.0501 0.2366 0.3526
0.0782 0.3930 0.3729 0.1559
0.2701 0.1972 0.4263 0.1064
0.1893 0.2687 0.3740 0.1680
0.1097 0.1448 0.6276 0.1178
0.1961 0.1874 0.4475 0.1690

MOTIF filter13
letter-probability matrix: alength= 4 w= 7 nsites= 12749
0.5562 0.3623 0.0007 0.0808
0.2644 0.6064 0.0045 0.1247
0.5331 0.2797 0.0053 0.1819
0.1704 0.6915 0.0038 0.1342
0.2641 0.5305 0.0005 0.2048
0.0734 0.5476 0.0001 0.3789
0.3296 0.2583 0.0147 0.3973

MOTIF filter14
letter-probability matrix: alength= 4 w= 7 nsites= 5110
0.1492 0.0033 0.8406 0.0068
0.0023 0.0055 0.9480 0.0442
0.0088 0.5538 0.1889 0.2485
0.1410 0.1341 0.0874 0.6375
0.2521 0.2081 0.4877 0.0522
0.4014 0.0287 0.5647 0.0051
0.1040 0.0980 0.7145 0.0835

MOTIF filter15
letter-probability matrix: alength= 4 w= 7 nsites= 27115
0.0480 0.3176 0.6088 0.0256
0.3038 0.2727 0.3806 0.0428
0.2309 0.2883 0.4312 0.0496
0.0914 0.4030 0.4871 0.0185
0.2601 0.4288 0.2954 0.0157
0.2264 0.4737 0.1537 0.1462
0.0737 0.5866 0.2720 0.0677

