MEME version 4

ALPHABET= ACGU

Background letter frequencies:
A 0.2677 C 0.2168 G 0.2282 U 0.2873

MOTIF filter0
letter-probability matrix: alength= 4 w= 7 nsites= 3508
0.5168 0.3499 0.1315 0.0017
0.1726 0.1569 0.0128 0.6577
0.0085 0.1065 0.8844 0.0006
0.5732 0.1230 0.1768 0.1270
0.3679 0.0040 0.0476 0.5806
0.0812 0.3744 0.5031 0.0413
0.3841 0.3437 0.2298 0.0424

MOTIF filter1
letter-probability matrix: alength= 4 w= 7 nsites= 7792
0.2623 0.0913 0.3638 0.2826
0.2351 0.2069 0.0097 0.5482
0.5621 0.0131 0.3418 0.0830
0.2681 0.0672 0.3698 0.2949
0.0001 0.0285 0.0001 0.9713
0.0137 0.0001 0.9860 0.0001
0.0001 0.2413 0.0001 0.7585

MOTIF filter2
letter-probability matrix: alength= 4 w= 7 nsites= 3638
0.0003 0.0041 0.0003 0.9953
0.6192 0.0003 0.3773 0.0033
0.3127 0.2910 0.0151 0.3811
0.2408 0.0706 0.1159 0.5728
0.2688 0.0005 0.4154 0.3152
0.2702 0.1450 0.0923 0.4926
0.4292 0.1159 0.1027 0.3523

MOTIF filter3
letter-probability matrix: alength= 4 w= 7 nsites= 12876
0.1585 0.1669 0.6430 0.0316
0.0376 0.5023 0.4600 0.0001
0.3023 0.3131 0.2762 0.1084
0.2998 0.0488 0.3856 0.2658
0.0082 0.6297 0.3398 0.0223
0.1422 0.3032 0.5256 0.0290
0.2467 0.2311 0.4306 0.0916

MOTIF filter4
letter-probability matrix: alength= 4 w= 7 nsites= 13306
0.1781 0.0298 0.7539 0.0383
0.0920 0.5758 0.2949 0.0373
0.2425 0.3279 0.2352 0.1944
0.0688 0.5793 0.2137 0.1382
0.3336 0.3437 0.2065 0.1162
0.1768 0.2552 0.4453 0.1227
0.1673 0.2669 0.5031 0.0627

MOTIF filter5
letter-probability matrix: alength= 4 w= 7 nsites= 6645
0.1615 0.1575 0.4146 0.2664
0.0438 0.5768 0.2304 0.1490
0.2731 0.0572 0.5446 0.1251
0.0671 0.0547 0.8708 0.0074
0.0060 0.2100 0.7702 0.0138
0.2339 0.1736 0.4128 0.1797
0.0441 0.3558 0.4034 0.1967

MOTIF filter6
letter-probability matrix: alength= 4 w= 7 nsites= 16137
0.0754 0.7325 0.0525 0.1396
0.1914 0.6412 0.0708 0.0965
0.2111 0.3596 0.2279 0.2014
0.1725 0.5443 0.2293 0.0538
0.2206 0.6104 0.1233 0.0457
0.1115 0.6350 0.0789 0.1746
0.1316 0.6988 0.0354 0.1341

MOTIF filter7
letter-probability matrix: alength= 4 w= 7 nsites= 3806
0.4845 0.1425 0.3675 0.0055
0.1572 0.0546 0.0058 0.7824
0.0612 0.0003 0.9016 0.0370
0.0016 0.0129 0.0058 0.9798
0.2906 0.0013 0.6735 0.0346
0.3488 0.0648 0.0005 0.5858
0.4223 0.0856 0.3063 0.1858

MOTIF filter8
letter-probability matrix: alength= 4 w= 7 nsites= 10353
0.2913 0.3031 0.0457 0.3599
0.0977 0.4624 0.3543 0.0856
0.4451 0.0001 0.5499 0.0049
0.0001 0.0309 0.9366 0.0324
0.0087 0.2790 0.6071 0.1051
0.1666 0.1639 0.1104 0.5591
0.0949 0.2619 0.4847 0.1585

MOTIF filter9
letter-probability matrix: alength= 4 w= 7 nsites= 1540
0.4657 0.0006 0.2319 0.3018
0.7714 0.0058 0.0039 0.2189
0.0350 0.8193 0.0181 0.1276
0.1846 0.1820 0.5855 0.0479
0.7584 0.0680 0.1444 0.0291
0.1108 0.6399 0.1645 0.0848
0.4482 0.1302 0.3316 0.0900

MOTIF filter10
letter-probability matrix: alength= 4 w= 7 nsites= 3706
0.0631 0.3035 0.2022 0.4313
0.0544 0.3404 0.1102 0.4949
0.5655 0.0003 0.4170 0.0173
0.4415 0.4116 0.0086 0.1383
0.0318 0.2811 0.0016 0.6854
0.0302 0.0022 0.9501 0.0175
0.2739 0.1989 0.3005 0.2267

MOTIF filter11
letter-probability matrix: alength= 4 w= 7 nsites= 7636
0.0124 0.0003 0.4449 0.5424
0.0346 0.2139 0.7470 0.0046
0.0025 0.0001 0.0001 0.9973
0.4653 0.1678 0.0535 0.3134
0.4788 0.0012 0.4581 0.0619
0.2284 0.0771 0.4348 0.2597
0.2805 0.0391 0.3635 0.3169

MOTIF filter12
letter-probability matrix: alength= 4 w= 7 nsites= 9215
0.0001 0.2151 0.0001 0.7847
0.0001 0.3953 0.0009 0.6038
0.1206 0.3593 0.1752 0.3449
0.3006 0.0412 0.3683 0.2899
0.0023 0.0205 0.9380 0.0393
0.1827 0.1884 0.3149 0.3140
0.0105 0.4522 0.2308 0.3064

MOTIF filter13
letter-probability matrix: alength= 4 w= 7 nsites= 13562
0.0091 0.4724 0.0170 0.5015
0.0863 0.1786 0.0349 0.7001
0.0767 0.2858 0.0358 0.6017
0.0748 0.1938 0.0390 0.6924
0.0596 0.2179 0.0157 0.7068
0.0585 0.1547 0.0059 0.7809
0.0682 0.2431 0.0818 0.6069

MOTIF filter14
letter-probability matrix: alength= 4 w= 7 nsites= 13689
0.1694 0.0085 0.0001 0.8220
0.6126 0.0100 0.0002 0.3772
0.5780 0.0229 0.0315 0.3675
0.5227 0.0026 0.0237 0.4510
0.5214 0.0223 0.0129 0.4434
0.6646 0.0341 0.0445 0.2567
0.5089 0.0751 0.0451 0.3709

MOTIF filter15
letter-probability matrix: alength= 4 w= 7 nsites= 2784
0.2009 0.3379 0.0710 0.3902
0.0133 0.6144 0.0635 0.3088
0.4136 0.0004 0.3974 0.1887
0.6406 0.0373 0.2801 0.0420
0.0029 0.4075 0.0004 0.5893
0.0129 0.0154 0.9713 0.0004
0.1582 0.1571 0.3838 0.3009

