MEME version 4

ALPHABET= FTIHMS

Background letter frequencies:
F 0.0533 T 0.0554 I 0.1351 H 0.1386 M 0.1113 S 0.5062

MOTIF filter0
letter-probability matrix: alength= 6 w= 7 nsites= 109467
0.0000 0.0000 0.1519 0.0000 0.0033 0.8448
0.0000 0.0000 0.0821 0.0203 0.0124 0.8852
0.0000 0.0083 0.1581 0.0661 0.0424 0.7251
0.0000 0.0184 0.1946 0.1104 0.0668 0.6098
0.0000 0.0294 0.1973 0.1450 0.0824 0.5459
0.0000 0.0413 0.1878 0.1659 0.0907 0.5143
0.0000 0.0536 0.1748 0.1743 0.0936 0.5036

MOTIF filter1
letter-probability matrix: alength= 6 w= 7 nsites= 236596
0.1298 0.0000 0.0093 0.0000 0.0047 0.8562
0.1114 0.0029 0.0156 0.0083 0.0000 0.8617
0.0983 0.0139 0.1452 0.0623 0.0569 0.6234
0.0870 0.0238 0.1860 0.1028 0.0886 0.5118
0.0775 0.0323 0.1824 0.1314 0.1007 0.4756
0.0692 0.0402 0.1683 0.1500 0.1035 0.4687
0.0621 0.0488 0.1549 0.1544 0.1021 0.4778

MOTIF filter2
letter-probability matrix: alength= 6 w= 7 nsites= 55168
0.6234 0.0000 0.0269 0.0008 0.0013 0.3476
0.5447 0.0000 0.0445 0.0033 0.0041 0.4033
0.4783 0.0000 0.0651 0.0128 0.0175 0.4262
0.4219 0.0000 0.0834 0.0244 0.0318 0.4384
0.3737 0.0000 0.0994 0.0371 0.0459 0.4439
0.3327 0.0000 0.1112 0.0495 0.0588 0.4478
0.2974 0.0000 0.1196 0.0596 0.0695 0.4539

MOTIF filter3
letter-probability matrix: alength= 6 w= 7 nsites= 13222
0.0001 0.9996 0.0001 0.0001 0.0001 0.0001
0.0001 0.9996 0.0001 0.0001 0.0001 0.0001
0.0001 0.9996 0.0001 0.0001 0.0001 0.0001
0.0001 0.9996 0.0001 0.0001 0.0001 0.0001
0.0001 0.9996 0.0001 0.0001 0.0001 0.0001
0.0001 0.9996 0.0001 0.0001 0.0001 0.0001
0.0001 0.9996 0.0001 0.0001 0.0001 0.0001

MOTIF filter4
letter-probability matrix: alength= 6 w= 7 nsites= 56773
0.6057 0.0000 0.0049 0.0000 0.0003 0.3891
0.5293 0.0000 0.0181 0.0006 0.0006 0.4514
0.4648 0.0000 0.0620 0.0135 0.0209 0.4389
0.4100 0.0000 0.0876 0.0274 0.0381 0.4369
0.3631 0.0000 0.1030 0.0414 0.0524 0.4401
0.3233 0.0000 0.1138 0.0547 0.0637 0.4445
0.2890 0.0000 0.1209 0.0641 0.0732 0.4528

MOTIF filter5
letter-probability matrix: alength= 6 w= 7 nsites= 77539
0.6734 0.0020 0.2435 0.0000 0.0000 0.0811
0.5926 0.0020 0.0974 0.0000 0.0000 0.3081
0.5117 0.0022 0.0727 0.0028 0.0006 0.4101
0.4446 0.0034 0.0785 0.0131 0.0040 0.4565
0.3887 0.0063 0.0921 0.0280 0.0129 0.4720
0.3414 0.0103 0.1054 0.0454 0.0253 0.4723
0.3013 0.0150 0.1165 0.0616 0.0379 0.4677

MOTIF filter6
letter-probability matrix: alength= 6 w= 7 nsites= 3388
0.0003 0.1665 0.0003 0.8324 0.0003 0.0003
0.0003 0.1665 0.0003 0.8324 0.0003 0.0003
0.0003 0.1665 0.0003 0.7758 0.0003 0.0569
0.0003 0.1665 0.0003 0.5474 0.0003 0.2852
0.0003 0.1665 0.0003 0.3836 0.0003 0.4490
0.0003 0.1665 0.0460 0.2625 0.0003 0.5245
0.0003 0.1665 0.2160 0.1986 0.0003 0.4184

MOTIF filter7
letter-probability matrix: alength= 6 w= 7 nsites= 49811
0.0000 0.0045 0.0000 0.1230 0.8692 0.0033
0.0000 0.0045 0.0000 0.1230 0.7382 0.1343
0.0000 0.0045 0.0000 0.0969 0.6165 0.2821
0.0000 0.0049 0.0095 0.0805 0.5167 0.3884
0.0000 0.0074 0.0404 0.0678 0.4424 0.4420
0.0000 0.0128 0.0597 0.0757 0.3851 0.4666
0.0000 0.0218 0.0724 0.0918 0.3393 0.4747

MOTIF filter8
letter-probability matrix: alength= 6 w= 7 nsites= 256057
0.0000 0.0000 0.1604 0.0000 0.0465 0.7931
0.0000 0.0054 0.1226 0.0289 0.0675 0.7756
0.0000 0.0152 0.1848 0.0768 0.0988 0.6243
0.0000 0.0248 0.2026 0.1176 0.1144 0.5406
0.0000 0.0341 0.1922 0.1485 0.1182 0.5070
0.0000 0.0438 0.1758 0.1675 0.1147 0.4982
0.0000 0.0546 0.1612 0.1746 0.1092 0.5003

MOTIF filter9
letter-probability matrix: alength= 6 w= 7 nsites= 258510
0.0000 0.0000 0.1047 0.1045 0.1035 0.6873
0.0000 0.0000 0.1174 0.1473 0.1114 0.6240
0.0000 0.0083 0.1635 0.1852 0.1271 0.5159
0.0000 0.0160 0.1705 0.2013 0.1293 0.4828
0.0000 0.0232 0.1597 0.2037 0.1238 0.4895
0.0000 0.0311 0.1472 0.1999 0.1149 0.5070
0.0000 0.0404 0.1382 0.1939 0.1069 0.5206

MOTIF filter10
letter-probability matrix: alength= 6 w= 7 nsites= 288136
0.0000 0.0000 0.1547 0.0000 0.0184 0.8269
0.0000 0.0048 0.1108 0.0214 0.0000 0.8631
0.0000 0.0151 0.1868 0.0720 0.0493 0.6768
0.0000 0.0256 0.2125 0.1163 0.0792 0.5664
0.0000 0.0360 0.2039 0.1500 0.0935 0.5165
0.0000 0.0466 0.1859 0.1711 0.0981 0.4984
0.0000 0.0580 0.1691 0.1780 0.0972 0.4977

MOTIF filter11
letter-probability matrix: alength= 6 w= 7 nsites= 466
0.0021 0.9894 0.0021 0.0021 0.0021 0.0021
0.0021 0.9894 0.0021 0.0021 0.0021 0.0021
0.0021 0.9894 0.0021 0.0021 0.0021 0.0021
0.0021 0.9894 0.0021 0.0021 0.0021 0.0021
0.0021 0.9894 0.0021 0.0021 0.0021 0.0021
0.0021 0.9894 0.0021 0.0021 0.0021 0.0021
0.0021 0.9894 0.0021 0.0021 0.0021 0.0021

