MEME version 4

ALPHABET= ACGU

Background letter frequencies:
A 0.2471 C 0.2418 G 0.2463 U 0.2648

MOTIF filter0
letter-probability matrix: alength= 4 w= 7 nsites= 2607
0.4998 0.0226 0.4734 0.0042
0.1762 0.0402 0.5925 0.1911
0.0050 0.9242 0.0705 0.0004
0.1953 0.0004 0.8039 0.0004
0.2072 0.2539 0.3328 0.2061
0.1543 0.3619 0.2957 0.1881
0.1980 0.2329 0.3432 0.2260

MOTIF filter1
letter-probability matrix: alength= 4 w= 7 nsites= 11573
0.0152 0.9434 0.0314 0.0099
0.0128 0.5063 0.0378 0.4430
0.0078 0.3883 0.3955 0.2084
0.2026 0.5716 0.0610 0.1648
0.1953 0.3632 0.2232 0.2183
0.1810 0.3174 0.2741 0.2274
0.1626 0.3696 0.2483 0.2196

MOTIF filter2
letter-probability matrix: alength= 4 w= 7 nsites= 31663
0.3071 0.1873 0.0000 0.5055
0.9167 0.0000 0.0220 0.0612
0.3882 0.2310 0.0077 0.3731
0.5901 0.0182 0.1498 0.2420
0.3278 0.1588 0.1968 0.3166
0.3701 0.1604 0.1707 0.2987
0.3343 0.1819 0.1678 0.3160

MOTIF filter3
letter-probability matrix: alength= 4 w= 7 nsites= 35481
0.6371 0.0000 0.0450 0.3179
0.4980 0.0184 0.0231 0.4606
0.5009 0.0177 0.0477 0.4337
0.5992 0.0028 0.1369 0.2611
0.3647 0.1434 0.1791 0.3127
0.3589 0.1572 0.1600 0.3239
0.3577 0.1567 0.1626 0.3230

MOTIF filter4
letter-probability matrix: alength= 4 w= 7 nsites= 19100
0.4056 0.1243 0.3124 0.1577
0.2418 0.0001 0.7247 0.0334
0.1454 0.0199 0.8174 0.0173
0.1690 0.0241 0.7896 0.0173
0.2525 0.2380 0.3361 0.1734
0.2274 0.2498 0.3288 0.1939
0.2390 0.2177 0.3377 0.2056

MOTIF filter5
letter-probability matrix: alength= 4 w= 7 nsites= 26911
0.6704 0.0849 0.0682 0.1765
0.2344 0.2494 0.0147 0.5014
0.1370 0.0768 0.0061 0.7801
0.0631 0.0016 0.0346 0.9007
0.2152 0.1916 0.1921 0.4012
0.2485 0.1928 0.1569 0.4018
0.2746 0.1792 0.1703 0.3759

MOTIF filter6
letter-probability matrix: alength= 4 w= 7 nsites= 37850
0.6070 0.0211 0.1974 0.1744
0.1595 0.0897 0.3268 0.4241
0.6085 0.1479 0.0000 0.2436
0.8312 0.0014 0.1663 0.0011
0.3537 0.1643 0.2290 0.2530
0.3466 0.1763 0.2021 0.2750
0.3371 0.1759 0.2016 0.2855

MOTIF filter7
letter-probability matrix: alength= 4 w= 7 nsites= 3701
0.6618 0.2019 0.1271 0.0092
0.0076 0.0003 0.9919 0.0003
0.1746 0.1441 0.6810 0.0003
0.4807 0.1323 0.2958 0.0912
0.2329 0.2372 0.3565 0.1733
0.2089 0.2907 0.2969 0.2035
0.2151 0.2869 0.2696 0.2283

MOTIF filter8
letter-probability matrix: alength= 4 w= 7 nsites= 13150
0.4719 0.0001 0.3283 0.1997
0.0455 0.0001 0.9271 0.0274
0.0321 0.0187 0.6790 0.2702
0.1678 0.0992 0.3425 0.3905
0.2644 0.1858 0.2890 0.2608
0.2643 0.1989 0.2539 0.2829
0.2610 0.2035 0.2531 0.2824

MOTIF filter9
letter-probability matrix: alength= 4 w= 7 nsites= 8182
0.0166 0.0605 0.9228 0.0001
0.9227 0.0638 0.0134 0.0001
0.1608 0.0447 0.7631 0.0314
0.0579 0.0434 0.8798 0.0189
0.2663 0.2900 0.2587 0.1849
0.2358 0.2332 0.3287 0.2023
0.2280 0.2139 0.3935 0.1647

MOTIF filter10
letter-probability matrix: alength= 4 w= 7 nsites= 15448
0.0074 0.0001 0.9900 0.0025
0.3435 0.0001 0.5234 0.1331
0.0001 0.0995 0.8324 0.0680
0.3224 0.0661 0.3109 0.3007
0.2495 0.2182 0.3104 0.2219
0.2611 0.2064 0.2725 0.2600
0.2538 0.2022 0.3115 0.2324

MOTIF filter11
letter-probability matrix: alength= 4 w= 7 nsites= 29304
0.2008 0.0217 0.1974 0.5801
0.2190 0.1587 0.0000 0.6223
0.2062 0.2180 0.2027 0.3731
0.0549 0.0163 0.0137 0.9150
0.2201 0.1784 0.2083 0.3931
0.2455 0.1828 0.1690 0.4027
0.2698 0.1791 0.1728 0.3783

