MEME version 4

ALPHABET= FTIHMS

Background letter frequencies:
F 0.0457 T 0.0502 I 0.1377 H 0.1365 M 0.1050 S 0.5250

MOTIF filter0
letter-probability matrix: alength= 6 w= 7 nsites= 56009
0.0000 0.1550 0.1234 0.1987 0.4942 0.0287
0.0000 0.1556 0.1239 0.2131 0.4952 0.0121
0.0000 0.1560 0.1197 0.2222 0.4859 0.0162
0.0000 0.1560 0.0953 0.2240 0.4144 0.1102
0.0000 0.1564 0.0885 0.2286 0.3570 0.1694
0.0000 0.1569 0.0628 0.1796 0.2988 0.3020
0.0000 0.1589 0.0542 0.1475 0.2509 0.3885

MOTIF filter1
letter-probability matrix: alength= 6 w= 7 nsites= 25016
0.0000 0.3463 0.5725 0.0000 0.0000 0.0811
0.0000 0.3463 0.5948 0.0000 0.0000 0.0588
0.0000 0.3465 0.5212 0.0000 0.0000 0.1321
0.0000 0.3466 0.4577 0.0000 0.0000 0.1956
0.0000 0.3468 0.3908 0.0042 0.0009 0.2572
0.0000 0.3480 0.2528 0.0102 0.0023 0.3867
0.0000 0.3509 0.1817 0.0207 0.0057 0.4409

MOTIF filter2
letter-probability matrix: alength= 6 w= 7 nsites= 61251
0.0000 0.0000 0.1769 0.3093 0.4353 0.0784
0.0000 0.0000 0.1688 0.3017 0.4596 0.0699
0.0000 0.0000 0.1318 0.2900 0.4836 0.0946
0.0000 0.0000 0.1267 0.2970 0.4897 0.0866
0.0000 0.0008 0.1276 0.2502 0.4917 0.1296
0.0000 0.0013 0.0803 0.1959 0.4046 0.3179
0.0000 0.0023 0.0611 0.1566 0.3372 0.4428

MOTIF filter3
letter-probability matrix: alength= 6 w= 7 nsites= 62766
0.0000 0.0000 0.0310 0.6598 0.2736 0.0355
0.0000 0.0000 0.0310 0.6055 0.2736 0.0898
0.0000 0.0000 0.0445 0.4960 0.2802 0.1792
0.0000 0.0000 0.0791 0.4160 0.2856 0.2193
0.0000 0.0001 0.0939 0.3339 0.2954 0.2767
0.0000 0.0006 0.0762 0.2392 0.2531 0.4309
0.0000 0.0025 0.0778 0.1803 0.2276 0.5118

MOTIF filter4
letter-probability matrix: alength= 6 w= 7 nsites= 22332
0.0000 0.0000 0.0000 0.9343 0.0009 0.0646
0.0000 0.0000 0.0000 0.9343 0.0655 0.0000
0.0000 0.0000 0.0000 0.6575 0.0655 0.2769
0.0000 0.0000 0.0000 0.2628 0.0625 0.6745
0.0000 0.0000 0.0000 0.0000 0.0063 0.9935
0.0000 0.0051 0.0700 0.0003 0.0574 0.8671
0.0000 0.0159 0.1144 0.0033 0.1228 0.7436

MOTIF filter5
letter-probability matrix: alength= 6 w= 7 nsites= 47570
0.0000 0.1825 0.0000 0.0000 0.8089 0.0086
0.0000 0.1833 0.0000 0.0000 0.7862 0.0305
0.0000 0.1851 0.0017 0.0000 0.6819 0.1313
0.0000 0.1870 0.0052 0.0051 0.5990 0.2037
0.0000 0.1888 0.0267 0.0093 0.5125 0.2627
0.0000 0.1907 0.0271 0.0201 0.4261 0.3360
0.0000 0.1950 0.0353 0.0380 0.3576 0.3741

MOTIF filter6
letter-probability matrix: alength= 6 w= 7 nsites= 151660
0.0000 0.0000 0.1173 0.0000 0.0136 0.8691
0.0000 0.0000 0.1352 0.0000 0.0227 0.8421
0.0000 0.0077 0.1875 0.0000 0.0394 0.7653
0.0000 0.0159 0.1683 0.0000 0.0174 0.7984
0.0000 0.0259 0.0722 0.0154 0.0000 0.8865
0.0000 0.0436 0.1607 0.0690 0.0436 0.6830
0.0000 0.0626 0.1956 0.1181 0.0691 0.5546

MOTIF filter7
letter-probability matrix: alength= 6 w= 7 nsites= 48515
0.4147 0.0000 0.0004 0.0000 0.5679 0.0170
0.4142 0.0004 0.0009 0.0000 0.5790 0.0055
0.4142 0.0007 0.0009 0.0000 0.5833 0.0008
0.4142 0.0007 0.0009 0.0000 0.5841 0.0000
0.4142 0.0007 0.0009 0.0000 0.5174 0.0667
0.3567 0.0007 0.0005 0.0000 0.4291 0.2131
0.3077 0.0012 0.0049 0.0027 0.3583 0.3253

MOTIF filter8
letter-probability matrix: alength= 6 w= 7 nsites= 32168
0.9988 0.0000 0.0000 0.0000 0.0000 0.0011
0.9927 0.0000 0.0000 0.0000 0.0000 0.0071
0.9184 0.0000 0.0000 0.0000 0.0011 0.0804
0.8151 0.0000 0.0000 0.0009 0.0019 0.1820
0.7283 0.0000 0.0065 0.0032 0.0059 0.2560
0.6249 0.0000 0.0213 0.0058 0.0085 0.3395
0.5381 0.0000 0.0402 0.0103 0.0157 0.3956

MOTIF filter9
letter-probability matrix: alength= 6 w= 7 nsites= 577134
0.0072 0.0002 0.2025 0.0823 0.1202 0.5876
0.0068 0.0007 0.2033 0.0699 0.1502 0.5691
0.0000 0.0010 0.1830 0.0593 0.1499 0.6069
0.0000 0.0041 0.2031 0.0744 0.1593 0.5591
0.0000 0.0072 0.1892 0.1004 0.1597 0.5434
0.0000 0.0148 0.1710 0.1130 0.1510 0.5501
0.0000 0.0245 0.1590 0.1255 0.1423 0.5487

MOTIF filter10
letter-probability matrix: alength= 6 w= 7 nsites= 32007
0.0000 0.0000 0.0000 0.0000 0.0000 0.9998
0.0000 0.0000 0.0000 0.0019 0.1942 0.8039
0.0000 0.0000 0.0000 0.0019 0.3812 0.6168
0.0000 0.0000 0.0108 0.0671 0.5561 0.3659
0.0000 0.0000 0.0000 0.0725 0.4026 0.5248
0.0000 0.0078 0.0611 0.1149 0.3258 0.4904
0.0000 0.0147 0.0895 0.1494 0.2668 0.4796

MOTIF filter11
letter-probability matrix: alength= 6 w= 7 nsites= 110813
0.0000 0.0000 0.0503 0.0007 0.4844 0.4646
0.0000 0.0000 0.0414 0.0000 0.4355 0.5230
0.0000 0.0000 0.0000 0.0000 0.3125 0.6875
0.0000 0.0001 0.0000 0.0033 0.2837 0.7130
0.0000 0.0084 0.0129 0.0387 0.2956 0.6444
0.0000 0.0213 0.0948 0.0896 0.2567 0.5377
0.0000 0.0347 0.1197 0.1339 0.2199 0.4918

MOTIF filter12
letter-probability matrix: alength= 6 w= 7 nsites= 39309
0.5967 0.0000 0.0522 0.2654 0.0000 0.0856
0.5960 0.0000 0.0496 0.2760 0.0010 0.0775
0.5960 0.0000 0.0637 0.3130 0.0135 0.0138
0.5960 0.0000 0.0637 0.3247 0.0156 0.0000
0.5960 0.0000 0.0637 0.3247 0.0156 0.0000
0.5114 0.0000 0.0414 0.2597 0.0121 0.1753
0.4404 0.0000 0.0282 0.1992 0.0099 0.3223

MOTIF filter13
letter-probability matrix: alength= 6 w= 7 nsites= 188749
0.1958 0.0530 0.0663 0.0561 0.0373 0.5914
0.1667 0.0530 0.1103 0.1536 0.0042 0.5122
0.1346 0.0530 0.0726 0.1938 0.0073 0.5387
0.1308 0.0537 0.1724 0.2747 0.0125 0.3559
0.1093 0.0550 0.1168 0.2840 0.0104 0.4245
0.0939 0.0592 0.1067 0.2666 0.0196 0.4540
0.0810 0.0649 0.1086 0.2471 0.0313 0.4672

MOTIF filter14
letter-probability matrix: alength= 6 w= 7 nsites= 201226
0.0000 0.0000 0.1972 0.0067 0.0210 0.7752
0.0000 0.0000 0.0982 0.0000 0.0072 0.8946
0.0000 0.0000 0.1182 0.0252 0.0117 0.8449
0.0000 0.0000 0.1542 0.0644 0.0046 0.7768
0.0000 0.0033 0.1907 0.1115 0.0204 0.6740
0.0000 0.0180 0.2071 0.1564 0.0510 0.5676
0.0000 0.0326 0.1971 0.1844 0.0661 0.5198

MOTIF filter15
letter-probability matrix: alength= 6 w= 7 nsites= 90720
0.2877 0.0004 0.1142 0.2053 0.2420 0.1504
0.2814 0.0021 0.0731 0.2202 0.2251 0.1981
0.2772 0.0043 0.0521 0.2239 0.2215 0.2209
0.2772 0.0077 0.0465 0.2473 0.2314 0.1898
0.2583 0.0112 0.0783 0.2407 0.2061 0.2055
0.2216 0.0129 0.0554 0.2017 0.1746 0.3338
0.1908 0.0158 0.0512 0.1714 0.1496 0.4213

