MEME version 4

ALPHABET= ACGU

Background letter frequencies:
A 0.2643 C 0.2252 G 0.2225 U 0.2880

MOTIF filter0
letter-probability matrix: alength= 4 w= 7 nsites= 11434
0.0182 0.1873 0.6753 0.1193
0.0115 0.0873 0.6047 0.2965
0.0348 0.1212 0.7846 0.0595
0.0569 0.3111 0.1001 0.5319
0.0883 0.2225 0.4741 0.2151
0.0139 0.0935 0.5464 0.3461
0.0040 0.2922 0.6960 0.0078

MOTIF filter1
letter-probability matrix: alength= 4 w= 7 nsites= 7328
0.1260 0.0550 0.7766 0.0424
0.0810 0.2309 0.6709 0.0172
0.2028 0.4636 0.2315 0.1022
0.0618 0.8659 0.0012 0.0711
0.3125 0.0067 0.0262 0.6547
0.0019 0.3088 0.6892 0.0001
0.0276 0.5196 0.4101 0.0427

MOTIF filter2
letter-probability matrix: alength= 4 w= 7 nsites= 8539
0.0700 0.6794 0.1159 0.1347
0.0066 0.4688 0.0426 0.4820
0.0341 0.7912 0.0736 0.1011
0.3197 0.0001 0.1612 0.5190
0.0001 0.0582 0.9267 0.0150
0.0041 0.5397 0.4435 0.0126
0.1296 0.3659 0.0206 0.4839

MOTIF filter3
letter-probability matrix: alength= 4 w= 7 nsites= 5077
0.1403 0.0555 0.4414 0.3627
0.2791 0.0098 0.6192 0.0919
0.0809 0.0028 0.8603 0.0561
0.1567 0.0085 0.8274 0.0075
0.1281 0.0313 0.7809 0.0596
0.5009 0.1236 0.3519 0.0236
0.5347 0.0577 0.1248 0.2828

MOTIF filter4
letter-probability matrix: alength= 4 w= 7 nsites= 16636
0.0582 0.0996 0.1275 0.7148
0.1294 0.1290 0.1367 0.6049
0.2800 0.1462 0.1025 0.4713
0.2789 0.0936 0.1993 0.4282
0.0349 0.0001 0.0460 0.9191
0.0162 0.0001 0.0625 0.9213
0.0141 0.0410 0.0001 0.9448

MOTIF filter5
letter-probability matrix: alength= 4 w= 7 nsites= 18558
0.2112 0.1989 0.4164 0.1735
0.5365 0.2779 0.1128 0.0728
0.4196 0.0272 0.3384 0.2148
0.4690 0.0004 0.5085 0.0222
0.0027 0.0079 0.8935 0.0958
0.4187 0.1811 0.2069 0.1934
0.2633 0.0007 0.4433 0.2926

MOTIF filter6
letter-probability matrix: alength= 4 w= 7 nsites= 7824
0.4595 0.0436 0.0694 0.4276
0.0675 0.1976 0.0262 0.7087
0.2073 0.0001 0.0008 0.7918
0.0011 0.0281 0.0001 0.9706
0.1984 0.0006 0.0001 0.8008
0.0268 0.1542 0.0001 0.8189
0.3162 0.1065 0.0011 0.5761

MOTIF filter7
letter-probability matrix: alength= 4 w= 7 nsites= 6114
0.0708 0.1030 0.0002 0.8261
0.1720 0.0036 0.1013 0.7231
0.1201 0.0181 0.0065 0.8552
0.0240 0.4707 0.0002 0.5051
0.3253 0.0002 0.2498 0.4248
0.0508 0.0163 0.0739 0.8589
0.1492 0.2032 0.0028 0.6448

MOTIF filter8
letter-probability matrix: alength= 4 w= 7 nsites= 14888
0.1026 0.1620 0.0798 0.6556
0.1857 0.0136 0.1596 0.6411
0.1144 0.1020 0.0126 0.7710
0.2164 0.0316 0.0463 0.7057
0.0352 0.0103 0.0123 0.9422
0.0234 0.0254 0.0171 0.9341
0.1307 0.0001 0.0001 0.8692

MOTIF filter9
letter-probability matrix: alength= 4 w= 7 nsites= 5630
0.1942 0.5060 0.0011 0.2987
0.3507 0.1195 0.0728 0.4570
0.0002 0.0524 0.0002 0.9473
0.5909 0.0202 0.0002 0.3887
0.0137 0.2094 0.0130 0.7639
0.3321 0.1757 0.1670 0.3252
0.6193 0.3188 0.0002 0.0618

MOTIF filter10
letter-probability matrix: alength= 4 w= 7 nsites= 3530
0.7340 0.1248 0.1404 0.0008
0.0628 0.7080 0.0574 0.1718
0.6851 0.1989 0.0184 0.0976
0.0942 0.8016 0.0812 0.0229
0.5314 0.0490 0.2490 0.1706
0.3019 0.6964 0.0003 0.0014
0.3033 0.5572 0.0971 0.0424

MOTIF filter11
letter-probability matrix: alength= 4 w= 7 nsites= 13458
0.1995 0.0703 0.3314 0.3988
0.5160 0.1417 0.3382 0.0042
0.2254 0.0071 0.4329 0.3345
0.3973 0.0261 0.5763 0.0003
0.0706 0.0364 0.6721 0.2208
0.4780 0.0283 0.3332 0.1605
0.3961 0.0027 0.5224 0.0787

MOTIF filter12
letter-probability matrix: alength= 4 w= 7 nsites= 6901
0.2016 0.4850 0.0181 0.2953
0.0550 0.3119 0.1849 0.4481
0.0269 0.6611 0.2953 0.0167
0.0232 0.8927 0.0789 0.0052
0.2014 0.0036 0.0698 0.7251
0.0055 0.2271 0.7542 0.0132
0.0894 0.3085 0.3842 0.2180

MOTIF filter13
letter-probability matrix: alength= 4 w= 7 nsites= 19869
0.1351 0.4991 0.1760 0.1899
0.1024 0.4372 0.4133 0.0471
0.4356 0.1922 0.2391 0.1331
0.0156 0.0340 0.9084 0.0419
0.2827 0.1720 0.5034 0.0419
0.1486 0.2383 0.5562 0.0569
0.1008 0.1790 0.6334 0.0868

MOTIF filter14
letter-probability matrix: alength= 4 w= 7 nsites= 17562
0.1129 0.4348 0.3375 0.1148
0.0338 0.4535 0.3152 0.1976
0.0467 0.7823 0.1539 0.0171
0.0146 0.3761 0.1732 0.4361
0.0129 0.6735 0.2992 0.0145
0.0263 0.3861 0.4249 0.1627
0.0943 0.5831 0.2594 0.0633

MOTIF filter15
letter-probability matrix: alength= 4 w= 7 nsites= 411475
0.1856 0.2629 0.2630 0.2885
0.2076 0.3211 0.3300 0.1412
0.2967 0.1696 0.3092 0.2245
0.3670 0.2474 0.2221 0.1635
0.2328 0.1749 0.3956 0.1967
0.3051 0.1497 0.2419 0.3032
0.2758 0.1777 0.1937 0.3529

