MEME version 4

ALPHABET= FTIHMS

Background letter frequencies:
F 0.0493 T 0.0529 I 0.1386 H 0.1364 M 0.1070 S 0.5158

MOTIF filter0
letter-probability matrix: alength= 6 w= 7 nsites= 31290
0.0000 0.0000 0.0000 0.0000 0.0000 0.9998
0.0000 0.0000 0.0649 0.0000 0.0001 0.9350
0.0000 0.0000 0.2868 0.0000 0.0124 0.7007
0.0000 0.0000 0.2179 0.0478 0.0000 0.7342
0.0000 0.0000 0.0646 0.1057 0.0000 0.8297
0.0000 0.0174 0.1507 0.1555 0.0416 0.6347
0.0000 0.0354 0.1861 0.1943 0.0678 0.5163

MOTIF filter1
letter-probability matrix: alength= 6 w= 7 nsites= 64646
0.0000 0.0525 0.0086 0.0000 0.0220 0.9168
0.0000 0.0843 0.0767 0.0000 0.0187 0.8203
0.0000 0.1248 0.0704 0.0000 0.0200 0.7847
0.0000 0.1636 0.0000 0.0000 0.0000 0.8364
0.0000 0.1974 0.0696 0.0000 0.0306 0.7023
0.0000 0.2147 0.1576 0.0558 0.0679 0.5040
0.0000 0.2295 0.1696 0.0951 0.0822 0.4235

MOTIF filter2
letter-probability matrix: alength= 6 w= 7 nsites= 1611
0.0006 0.0006 0.0254 0.0631 0.0006 0.9097
0.0006 0.0006 0.2956 0.2165 0.0656 0.4212
0.0006 0.0006 0.6228 0.2165 0.0989 0.0606
0.0006 0.0328 0.1694 0.2220 0.0105 0.5646
0.0006 0.0328 0.0006 0.2220 0.0006 0.7434
0.0006 0.0439 0.0625 0.1713 0.0155 0.7062
0.0006 0.0649 0.1107 0.1608 0.0272 0.6357

MOTIF filter3
letter-probability matrix: alength= 6 w= 7 nsites= 62651
0.0000 0.0244 0.0684 0.0000 0.0217 0.8856
0.0000 0.0565 0.0648 0.0000 0.0230 0.8558
0.0000 0.0720 0.0583 0.0000 0.0354 0.8343
0.0000 0.0845 0.0000 0.0428 0.0805 0.7922
0.0000 0.0931 0.0000 0.0735 0.0675 0.7659
0.0000 0.1137 0.1183 0.1321 0.0966 0.5392
0.0000 0.1315 0.1507 0.1714 0.1051 0.4412

MOTIF filter4
letter-probability matrix: alength= 6 w= 7 nsites= 39824
0.0000 0.0000 0.0001 0.7727 0.1190 0.1082
0.0000 0.0000 0.0001 0.8374 0.1190 0.0435
0.0000 0.0001 0.0000 0.8622 0.1276 0.0100
0.0000 0.0009 0.0000 0.7522 0.1279 0.1190
0.0000 0.0016 0.0000 0.6129 0.1355 0.2499
0.0000 0.0024 0.0026 0.4360 0.1198 0.4391
0.0000 0.0052 0.0191 0.3063 0.1244 0.5450

MOTIF filter5
letter-probability matrix: alength= 6 w= 7 nsites= 120277
0.0000 0.0409 0.3085 0.0427 0.0178 0.5901
0.0000 0.0449 0.1023 0.0437 0.0703 0.7388
0.0000 0.0481 0.0296 0.0350 0.0522 0.8351
0.0000 0.0513 0.1105 0.0117 0.0896 0.7369
0.0000 0.0514 0.0158 0.0172 0.0863 0.8294
0.0000 0.0687 0.1216 0.0687 0.1064 0.6346
0.0000 0.0862 0.1632 0.1129 0.1165 0.5212

MOTIF filter6
letter-probability matrix: alength= 6 w= 7 nsites= 6774
0.0001 0.0001 0.0001 0.0001 0.0001 0.9993
0.0001 0.0001 0.0001 0.2444 0.0001 0.7550
0.0001 0.0001 0.0001 0.9993 0.0001 0.0001
0.0001 0.0001 0.0001 0.9993 0.0001 0.0001
0.0001 0.0001 0.0001 0.9993 0.0001 0.0001
0.0001 0.0001 0.0001 0.8653 0.0001 0.1341
0.0001 0.0001 0.0001 0.5783 0.0001 0.4211

MOTIF filter7
letter-probability matrix: alength= 6 w= 7 nsites= 5276
0.0002 0.0002 0.4423 0.0002 0.0002 0.5570
0.0002 0.0002 0.0002 0.0002 0.0002 0.9991
0.0002 0.0742 0.2136 0.0002 0.0002 0.7117
0.0002 0.0914 0.6306 0.0127 0.0068 0.2582
0.0002 0.0967 0.5451 0.0254 0.0163 0.3164
0.0002 0.1019 0.3489 0.0399 0.0250 0.4841
0.0002 0.1096 0.2497 0.0581 0.0299 0.5524

MOTIF filter8
letter-probability matrix: alength= 6 w= 7 nsites= 3544
0.0003 0.0003 0.0003 0.0003 0.0544 0.9445
0.0003 0.0003 0.2290 0.0003 0.4546 0.3155
0.0003 0.0003 0.3800 0.0003 0.6189 0.0003
0.0003 0.0003 0.3800 0.0003 0.6189 0.0003
0.0003 0.0003 0.3197 0.0003 0.5935 0.0859
0.0003 0.0003 0.1806 0.0003 0.4634 0.3552
0.0003 0.0011 0.1127 0.0031 0.3625 0.5203

MOTIF filter9
letter-probability matrix: alength= 6 w= 7 nsites= 4074
0.0002 0.0002 0.0002 0.0002 0.7623 0.2368
0.0002 0.0002 0.0002 0.0674 0.9316 0.0002
0.0002 0.0002 0.0002 0.0674 0.9020 0.0299
0.0002 0.0002 0.0002 0.0674 0.0466 0.8853
0.0002 0.0020 0.0002 0.0694 0.0002 0.9279
0.0002 0.0061 0.0618 0.0789 0.0025 0.8505
0.0002 0.0211 0.1196 0.1353 0.0113 0.7125

MOTIF filter10
letter-probability matrix: alength= 6 w= 7 nsites= 17221
0.0001 0.0103 0.1263 0.2493 0.0001 0.6140
0.0001 0.0103 0.0295 0.0001 0.0001 0.9599
0.0001 0.0111 0.0001 0.0001 0.0333 0.9554
0.0001 0.0127 0.1427 0.0001 0.1811 0.6633
0.0001 0.0153 0.5857 0.0001 0.3989 0.0001
0.0001 0.0153 0.3261 0.0001 0.3153 0.3431
0.0001 0.0153 0.1861 0.0001 0.2468 0.5517

MOTIF filter11
letter-probability matrix: alength= 6 w= 7 nsites= 4652
0.1896 0.0002 0.0002 0.0002 0.0002 0.8096
0.1896 0.0002 0.0002 0.0002 0.0002 0.8096
0.1896 0.0002 0.3321 0.0002 0.1041 0.3738
0.0002 0.0002 0.0002 0.0002 0.0002 0.9989
0.0002 0.0002 0.0002 0.3738 0.0002 0.6254
0.0002 0.0075 0.0717 0.3963 0.0116 0.5127
0.0002 0.0178 0.1028 0.4240 0.0271 0.4281

MOTIF filter12
letter-probability matrix: alength= 6 w= 7 nsites= 20351
0.9200 0.0000 0.0333 0.0000 0.0466 0.0000
0.9200 0.0000 0.0266 0.0000 0.0466 0.0067
0.9200 0.0000 0.0266 0.0000 0.0466 0.0067
0.8149 0.0000 0.0312 0.0000 0.0463 0.1075
0.7261 0.0000 0.0199 0.0000 0.0355 0.2183
0.6374 0.0000 0.0192 0.0005 0.0286 0.3142
0.5624 0.0000 0.0321 0.0033 0.0271 0.3752

MOTIF filter13
letter-probability matrix: alength= 6 w= 7 nsites= 15782
0.0001 0.9631 0.0038 0.0001 0.0001 0.0329
0.0001 0.9681 0.0001 0.0001 0.0001 0.0316
0.0001 0.9911 0.0001 0.0001 0.0001 0.0086
0.0001 0.9997 0.0001 0.0001 0.0001 0.0001
0.0001 0.9997 0.0001 0.0001 0.0001 0.0001
0.0001 0.9997 0.0001 0.0001 0.0001 0.0001
0.0001 0.9997 0.0001 0.0001 0.0001 0.0001

MOTIF filter14
letter-probability matrix: alength= 6 w= 7 nsites= 34734
0.0000 0.0000 0.0824 0.0000 0.0000 0.9175
0.0000 0.0000 0.2994 0.0000 0.0000 0.7005
0.0000 0.0000 0.9940 0.0000 0.0059 0.0000
0.0000 0.0000 0.1578 0.0000 0.0000 0.8421
0.0000 0.0000 0.0000 0.0000 0.0000 0.9999
0.0000 0.0102 0.1145 0.0437 0.0263 0.8052
0.0000 0.0281 0.1745 0.0909 0.0623 0.6443

MOTIF filter15
letter-probability matrix: alength= 6 w= 7 nsites= 3634
0.0003 0.0003 0.1126 0.0033 0.0003 0.8832
0.0003 0.0003 0.2819 0.0033 0.0003 0.7140
0.0003 0.0003 0.7135 0.0033 0.0003 0.2824
0.0003 0.0003 0.6547 0.0003 0.0003 0.3442
0.0003 0.0003 0.3915 0.0003 0.0003 0.6074
0.0003 0.0055 0.2555 0.0299 0.0055 0.7033
0.0003 0.0184 0.2022 0.0882 0.0113 0.6797

