MEME version 4

ALPHABET= FTIHMS

Background letter frequencies:
F 0.0526 T 0.0559 I 0.1356 H 0.1382 M 0.1113 S 0.5063

MOTIF filter0
letter-probability matrix: alength= 6 w= 7 nsites= 68149
0.0000 0.0000 0.0817 0.0000 0.0331 0.8851
0.0000 0.0000 0.0030 0.0000 0.0576 0.9394
0.0000 0.0282 0.0126 0.0749 0.2830 0.6012
0.0000 0.0299 0.0299 0.0943 0.2663 0.5796
0.0000 0.0464 0.0813 0.1411 0.2168 0.5144
0.0000 0.0575 0.1118 0.1660 0.1968 0.4677
0.0000 0.0677 0.1193 0.1739 0.1741 0.4650

MOTIF filter1
letter-probability matrix: alength= 6 w= 7 nsites= 859739
0.0385 0.0189 0.1450 0.1523 0.1096 0.5358
0.0306 0.0227 0.1425 0.1532 0.1080 0.5430
0.0233 0.0267 0.1426 0.1534 0.1140 0.5400
0.0205 0.0318 0.1480 0.1536 0.1160 0.5301
0.0161 0.0380 0.1474 0.1507 0.1159 0.5319
0.0138 0.0455 0.1471 0.1507 0.1171 0.5257
0.0118 0.0547 0.1457 0.1501 0.1179 0.5197

MOTIF filter2
letter-probability matrix: alength= 6 w= 7 nsites= 104636
0.0000 0.0000 0.0870 0.0002 0.0121 0.9007
0.0000 0.0000 0.1514 0.0001 0.0024 0.8461
0.0000 0.0000 0.1032 0.0127 0.0462 0.8379
0.0000 0.0030 0.0190 0.0126 0.0336 0.9318
0.0000 0.0167 0.0982 0.0309 0.0568 0.7974
0.0000 0.0349 0.1812 0.0892 0.0908 0.6038
0.0000 0.0521 0.1950 0.1302 0.1041 0.5186

MOTIF filter3
letter-probability matrix: alength= 6 w= 7 nsites= 1261
0.0008 0.0710 0.0008 0.0008 0.0008 0.9258
0.0008 0.9961 0.0008 0.0008 0.0008 0.0008
0.0008 0.9961 0.0008 0.0008 0.0008 0.0008
0.0008 0.9961 0.0008 0.0008 0.0008 0.0008
0.0008 0.9961 0.0008 0.0008 0.0008 0.0008
0.0008 0.9961 0.0008 0.0008 0.0008 0.0008
0.0008 0.9961 0.0008 0.0008 0.0008 0.0008

MOTIF filter4
letter-probability matrix: alength= 6 w= 7 nsites= 182005
0.0000 0.0000 0.0347 0.0000 0.4957 0.4696
0.0000 0.0000 0.0126 0.0000 0.4711 0.5163
0.0000 0.0000 0.0379 0.0000 0.4210 0.5412
0.0000 0.0000 0.0000 0.0000 0.3693 0.6307
0.0000 0.0012 0.0005 0.0023 0.3315 0.6645
0.0000 0.0140 0.0858 0.0594 0.2927 0.5481
0.0000 0.0275 0.1162 0.1092 0.2561 0.4910

MOTIF filter5
letter-probability matrix: alength= 6 w= 7 nsites= 170094
0.0429 0.0000 0.2586 0.0118 0.0125 0.6743
0.0275 0.0000 0.2371 0.0118 0.0087 0.7149
0.0135 0.0000 0.1686 0.0049 0.0105 0.8025
0.0000 0.0000 0.0590 0.0000 0.0058 0.9352
0.0000 0.0000 0.0591 0.0392 0.0000 0.9017
0.0000 0.0175 0.1664 0.0947 0.0497 0.6717
0.0000 0.0359 0.2014 0.1410 0.0786 0.5431

MOTIF filter6
letter-probability matrix: alength= 6 w= 7 nsites= 70295
0.0811 0.0055 0.1514 0.2621 0.1559 0.3439
0.0811 0.0055 0.1642 0.2433 0.1481 0.3577
0.0811 0.0089 0.1447 0.1601 0.1455 0.4597
0.0811 0.0097 0.0755 0.0980 0.1443 0.5914
0.0530 0.0112 0.0525 0.1026 0.1338 0.6469
0.0451 0.0178 0.0986 0.1135 0.1377 0.5873
0.0380 0.0273 0.1315 0.1205 0.1487 0.5341

MOTIF filter7
letter-probability matrix: alength= 6 w= 7 nsites= 74357
0.0000 0.0000 0.1135 0.0000 0.6653 0.2211
0.0000 0.0000 0.1228 0.0000 0.5577 0.3195
0.0000 0.0014 0.1140 0.0050 0.4704 0.4092
0.0000 0.0047 0.1115 0.0174 0.3991 0.4674
0.0000 0.0100 0.0884 0.0366 0.3418 0.5231
0.0000 0.0175 0.0946 0.0740 0.2950 0.5190
0.0000 0.0281 0.1024 0.1125 0.2568 0.5002

MOTIF filter8
letter-probability matrix: alength= 6 w= 7 nsites= 28369
0.0000 0.0301 0.1322 0.0000 0.0339 0.8037
0.0000 0.0520 0.1248 0.0000 0.0291 0.7940
0.0000 0.0588 0.0000 0.0001 0.0000 0.9410
0.0000 0.0637 0.0000 0.0004 0.0000 0.9358
0.0000 0.0885 0.0007 0.0161 0.0029 0.8917
0.0000 0.1097 0.1412 0.0395 0.1028 0.6067
0.0000 0.1299 0.1770 0.0564 0.1495 0.4872

MOTIF filter9
letter-probability matrix: alength= 6 w= 7 nsites= 31905
0.0000 0.0000 0.9200 0.0000 0.0000 0.0798
0.0000 0.0000 0.7856 0.0000 0.0000 0.2143
0.0000 0.0012 0.7064 0.0000 0.0018 0.2906
0.0000 0.0044 0.4810 0.0032 0.0078 0.5037
0.0000 0.0106 0.3404 0.0127 0.0176 0.6186
0.0000 0.0155 0.2620 0.0333 0.0210 0.6682
0.0000 0.0251 0.2288 0.0616 0.0291 0.6554

MOTIF filter10
letter-probability matrix: alength= 6 w= 7 nsites= 239023
0.0094 0.0000 0.2893 0.0070 0.0000 0.6943
0.0000 0.0000 0.2045 0.0054 0.0167 0.7734
0.0000 0.0000 0.2023 0.0447 0.0225 0.7305
0.0000 0.0000 0.1068 0.0774 0.0084 0.8074
0.0000 0.0039 0.1297 0.1099 0.0114 0.7451
0.0000 0.0185 0.1804 0.1535 0.0453 0.6024
0.0000 0.0341 0.1918 0.1801 0.0656 0.5284

MOTIF filter11
letter-probability matrix: alength= 6 w= 7 nsites= 7539
0.0001 0.0001 0.0001 0.0001 0.6398 0.3597
0.0001 0.0001 0.0001 0.0001 0.8232 0.1763
0.0001 0.0001 0.0001 0.0001 0.9962 0.0033
0.0001 0.0001 0.0001 0.0001 0.9993 0.0001
0.0001 0.0001 0.0001 0.0001 0.8183 0.1812
0.0001 0.0001 0.0001 0.0001 0.6635 0.3360
0.0001 0.0021 0.0138 0.0077 0.5443 0.4319

MOTIF filter12
letter-probability matrix: alength= 6 w= 7 nsites= 53343
0.0000 0.0005 0.0002 0.0000 0.8453 0.1540
0.0000 0.0022 0.0070 0.0000 0.7381 0.2526
0.0000 0.0068 0.0090 0.0000 0.6403 0.3438
0.0000 0.0145 0.0262 0.0000 0.5622 0.3971
0.0000 0.0216 0.0426 0.0045 0.4812 0.4501
0.0000 0.0285 0.0589 0.0373 0.4118 0.4634
0.0000 0.0373 0.0712 0.0741 0.3541 0.4633

MOTIF filter13
letter-probability matrix: alength= 6 w= 7 nsites= 45184
0.0000 0.0000 0.0000 0.0000 0.9952 0.0047
0.0000 0.0000 0.0000 0.0000 0.9968 0.0031
0.0000 0.0000 0.0000 0.0000 0.9846 0.0153
0.0000 0.0000 0.0000 0.0000 0.8868 0.1131
0.0000 0.0004 0.0078 0.0053 0.7873 0.1992
0.0000 0.0007 0.0091 0.0097 0.6621 0.3183
0.0000 0.0032 0.0189 0.0208 0.5605 0.3966

MOTIF filter14
letter-probability matrix: alength= 6 w= 7 nsites= 10726
0.0001 0.0001 0.0001 0.0001 0.0001 0.9995
0.0001 0.0001 0.0001 0.0001 0.3812 0.6184
0.0001 0.0001 0.0001 0.0001 0.3531 0.6466
0.0001 0.0001 0.0001 0.4566 0.1081 0.4351
0.0001 0.0001 0.0001 0.5040 0.0001 0.4956
0.0001 0.0034 0.0344 0.5277 0.0025 0.4320
0.0001 0.0118 0.0653 0.5256 0.0067 0.3904

MOTIF filter15
letter-probability matrix: alength= 6 w= 7 nsites= 47981
0.6765 0.0000 0.0192 0.0000 0.0003 0.3039
0.5574 0.0000 0.0334 0.0000 0.0009 0.4083
0.4515 0.0000 0.0274 0.0000 0.0017 0.5193
0.3743 0.0000 0.0344 0.0005 0.0014 0.5895
0.3190 0.0000 0.0625 0.0105 0.0196 0.5885
0.2836 0.0000 0.1156 0.0309 0.0466 0.5233
0.2537 0.0000 0.1416 0.0507 0.0669 0.4872

