MEME version 4

ALPHABET= ACGU

Background letter frequencies:
A 0.2677 C 0.2168 G 0.2282 U 0.2873

MOTIF filter0
letter-probability matrix: alength= 4 w= 7 nsites= 18503
0.1576 0.1910 0.2066 0.4449
0.1989 0.0001 0.8010 0.0001
0.0553 0.0059 0.9387 0.0001
0.0001 0.1692 0.8307 0.0001
0.2761 0.2697 0.2379 0.2162
0.2368 0.2353 0.2748 0.2531
0.2231 0.2332 0.3039 0.2399

MOTIF filter1
letter-probability matrix: alength= 4 w= 7 nsites= 26376
0.0000 0.2321 0.0301 0.7378
0.0000 0.2014 0.0000 0.7985
0.0000 0.5600 0.0000 0.4399
0.0000 0.4829 0.0006 0.5165
0.2197 0.2358 0.1358 0.4087
0.2155 0.2213 0.1846 0.3787
0.2351 0.2271 0.1803 0.3575

MOTIF filter2
letter-probability matrix: alength= 4 w= 7 nsites= 33203
0.3047 0.4026 0.0000 0.2927
0.0000 0.6029 0.0239 0.3732
0.1958 0.3276 0.0023 0.4743
0.0055 0.6060 0.0000 0.3885
0.2404 0.3000 0.1376 0.3220
0.2151 0.2781 0.2069 0.2999
0.2320 0.2849 0.2003 0.2827

MOTIF filter3
letter-probability matrix: alength= 4 w= 7 nsites= 12656
0.0102 0.5668 0.4190 0.0040
0.4387 0.2249 0.3282 0.0082
0.5607 0.0707 0.0660 0.3026
0.0348 0.5470 0.4161 0.0021
0.3126 0.2451 0.2070 0.2354
0.2590 0.2452 0.2333 0.2625
0.2307 0.2758 0.2747 0.2188

MOTIF filter4
letter-probability matrix: alength= 4 w= 7 nsites= 6831
0.5681 0.0098 0.1829 0.2392
0.4698 0.0309 0.2342 0.2651
0.2966 0.0231 0.1851 0.4952
0.2579 0.0296 0.3778 0.3347
0.2970 0.1582 0.2205 0.3244
0.2775 0.1789 0.1728 0.3707
0.3165 0.1472 0.2037 0.3327

MOTIF filter5
letter-probability matrix: alength= 4 w= 7 nsites= 27498
0.0000 0.4138 0.0000 0.5862
0.0000 0.1124 0.0000 0.8876
0.0000 0.4605 0.0000 0.5394
0.2575 0.0974 0.1046 0.5405
0.2274 0.1978 0.2132 0.3616
0.2459 0.2021 0.1745 0.3776
0.2567 0.1945 0.1785 0.3702

MOTIF filter6
letter-probability matrix: alength= 4 w= 7 nsites= 3057
0.1490 0.5397 0.0003 0.3110
0.1072 0.0003 0.8922 0.0003
0.3714 0.4561 0.0059 0.1666
0.1137 0.0791 0.0745 0.7328
0.1856 0.2081 0.3835 0.2228
0.2287 0.3006 0.2143 0.2565
0.2257 0.2721 0.2186 0.2836

MOTIF filter7
letter-probability matrix: alength= 4 w= 7 nsites= 4532
0.0002 0.3805 0.0002 0.6190
0.0002 0.1570 0.7976 0.0452
0.2912 0.0022 0.4557 0.2509
0.4896 0.1909 0.0223 0.2972
0.2934 0.1669 0.2308 0.3089
0.2857 0.1828 0.2385 0.2930
0.2668 0.2205 0.2176 0.2952

MOTIF filter8
letter-probability matrix: alength= 4 w= 7 nsites= 39690
0.2522 0.2984 0.4494 0.0000
0.0674 0.2869 0.6232 0.0225
0.0982 0.4924 0.3512 0.0583
0.0604 0.5350 0.2468 0.1578
0.2080 0.3128 0.2425 0.2367
0.1837 0.3063 0.3096 0.2004
0.1905 0.3047 0.3060 0.1988

MOTIF filter9
letter-probability matrix: alength= 4 w= 7 nsites= 6115
0.7508 0.0985 0.0469 0.1038
0.0002 0.5601 0.0002 0.4396
0.0742 0.0002 0.9255 0.0002
0.1615 0.2087 0.0588 0.5710
0.2272 0.2339 0.2708 0.2682
0.2626 0.1987 0.2378 0.3009
0.2728 0.2245 0.2000 0.3027

MOTIF filter10
letter-probability matrix: alength= 4 w= 7 nsites= 25330
0.1150 0.7617 0.0977 0.0256
0.2498 0.5651 0.0782 0.1070
0.1834 0.7047 0.0538 0.0581
0.2046 0.7086 0.0388 0.0480
0.2535 0.3234 0.1680 0.2552
0.2120 0.3143 0.2532 0.2205
0.1975 0.3408 0.2376 0.2241

MOTIF filter11
letter-probability matrix: alength= 4 w= 7 nsites= 9870
0.0457 0.6441 0.2965 0.0137
0.1941 0.0638 0.1456 0.5964
0.0417 0.5301 0.3658 0.0624
0.3616 0.1236 0.3950 0.1199
0.2255 0.2171 0.3469 0.2105
0.2194 0.2201 0.3416 0.2190
0.2043 0.2572 0.2962 0.2423

