MEME version 4

ALPHABET= FTIHMS

Background letter frequencies:
F 0.0521 T 0.0544 I 0.1360 H 0.1388 M 0.1104 S 0.5082

MOTIF filter0
letter-probability matrix: alength= 6 w= 7 nsites= 52686
0.0007 0.0000 0.1294 0.0000 0.0001 0.8697
0.0000 0.0000 0.0000 0.0829 0.0166 0.9004
0.0000 0.0261 0.0022 0.2290 0.2231 0.5195
0.0000 0.0266 0.1213 0.2629 0.4951 0.0940
0.0000 0.0266 0.1198 0.2966 0.4379 0.1191
0.0000 0.0272 0.0754 0.2617 0.3445 0.2911
0.0000 0.0288 0.0578 0.2128 0.2739 0.4267

MOTIF filter1
letter-probability matrix: alength= 6 w= 7 nsites= 228698
0.0000 0.0000 0.1762 0.0343 0.0768 0.7127
0.0000 0.0000 0.2291 0.0296 0.0583 0.6830
0.0000 0.0000 0.1927 0.0038 0.0340 0.7695
0.0000 0.0000 0.1239 0.0000 0.0107 0.8654
0.0000 0.0061 0.0597 0.0000 0.0141 0.9201
0.0000 0.0243 0.1587 0.0610 0.0514 0.7047
0.0000 0.0447 0.1964 0.1148 0.0745 0.5697

MOTIF filter2
letter-probability matrix: alength= 6 w= 7 nsites= 755607
0.0636 0.0107 0.1533 0.1689 0.0635 0.5399
0.0538 0.0140 0.1524 0.1763 0.0635 0.5399
0.0469 0.0172 0.1396 0.1739 0.0800 0.5425
0.0400 0.0230 0.1565 0.1741 0.0934 0.5130
0.0381 0.0290 0.1605 0.1730 0.0967 0.5027
0.0333 0.0360 0.1517 0.1672 0.0985 0.5132
0.0292 0.0446 0.1457 0.1610 0.1007 0.5188

MOTIF filter3
letter-probability matrix: alength= 6 w= 7 nsites= 67397
0.0000 0.0000 0.0011 0.0000 0.8481 0.1508
0.0000 0.0000 0.0243 0.0000 0.7286 0.2470
0.0000 0.0000 0.0279 0.0000 0.6053 0.3668
0.0000 0.0004 0.0241 0.0043 0.5076 0.4636
0.0000 0.0042 0.0412 0.0291 0.4306 0.4948
0.0000 0.0113 0.0631 0.0659 0.3700 0.4897
0.0000 0.0214 0.0782 0.1062 0.3207 0.4736

MOTIF filter4
letter-probability matrix: alength= 6 w= 7 nsites= 97723
0.0000 0.0000 0.6669 0.1456 0.1008 0.0867
0.0000 0.0000 0.3381 0.1339 0.0579 0.4701
0.0000 0.0000 0.0940 0.0685 0.0141 0.8234
0.0000 0.0024 0.1001 0.0314 0.0188 0.8474
0.0000 0.0069 0.0051 0.0016 0.0032 0.9832
0.0000 0.0234 0.1272 0.0570 0.0424 0.7500
0.0000 0.0419 0.1833 0.1044 0.0714 0.5990

MOTIF filter5
letter-probability matrix: alength= 6 w= 7 nsites= 91591
0.0000 0.0000 0.0075 0.0000 0.6392 0.3533
0.0000 0.0000 0.0279 0.0000 0.5365 0.4355
0.0000 0.0000 0.0493 0.0039 0.4548 0.4920
0.0000 0.0003 0.0636 0.0279 0.3910 0.5172
0.0000 0.0064 0.0731 0.0639 0.3361 0.5204
0.0000 0.0155 0.0905 0.1083 0.2904 0.4952
0.0000 0.0266 0.0993 0.1493 0.2526 0.4723

MOTIF filter6
letter-probability matrix: alength= 6 w= 7 nsites= 87745
0.4108 0.0000 0.1155 0.0000 0.0199 0.4538
0.3489 0.0000 0.0150 0.0000 0.0007 0.6354
0.2923 0.0000 0.0124 0.0000 0.0001 0.6953
0.2509 0.0000 0.0053 0.0003 0.0028 0.7408
0.2216 0.0000 0.0136 0.0032 0.0117 0.7499
0.1963 0.0131 0.1272 0.0524 0.0544 0.5567
0.1745 0.0236 0.1624 0.0873 0.0767 0.4754

MOTIF filter7
letter-probability matrix: alength= 6 w= 7 nsites= 155622
0.1057 0.0000 0.4221 0.0000 0.0000 0.4721
0.0673 0.0000 0.3195 0.0000 0.0000 0.6131
0.0399 0.0000 0.2775 0.0025 0.0012 0.6789
0.0165 0.0000 0.1665 0.0137 0.0008 0.8025
0.0000 0.0011 0.0865 0.0440 0.0042 0.8642
0.0000 0.0139 0.1633 0.0873 0.0390 0.6965
0.0000 0.0291 0.1963 0.1259 0.0642 0.5844

MOTIF filter8
letter-probability matrix: alength= 6 w= 7 nsites= 821288
0.0638 0.0266 0.1477 0.1588 0.0731 0.5300
0.0544 0.0295 0.1375 0.1634 0.0694 0.5457
0.0467 0.0331 0.1434 0.1622 0.0675 0.5472
0.0404 0.0383 0.1471 0.1618 0.0802 0.5324
0.0350 0.0435 0.1496 0.1589 0.0846 0.5283
0.0306 0.0510 0.1494 0.1586 0.0906 0.5199
0.0269 0.0601 0.1469 0.1569 0.0947 0.5145

MOTIF filter9
letter-probability matrix: alength= 6 w= 7 nsites= 25409
0.0000 0.8743 0.0000 0.0000 0.0000 0.1256
0.0000 0.9869 0.0000 0.0000 0.0000 0.0130
0.0000 0.9998 0.0000 0.0000 0.0000 0.0000
0.0000 0.9998 0.0000 0.0000 0.0000 0.0000
0.0000 0.9998 0.0000 0.0000 0.0000 0.0000
0.0000 0.9998 0.0000 0.0000 0.0000 0.0000
0.0000 0.9998 0.0000 0.0000 0.0000 0.0000

MOTIF filter10
letter-probability matrix: alength= 6 w= 7 nsites= 177619
0.0812 0.0000 0.0041 0.0000 0.1396 0.7751
0.0470 0.0000 0.0576 0.0000 0.0451 0.8503
0.0185 0.0000 0.1372 0.0000 0.0008 0.8436
0.0000 0.0000 0.1112 0.0000 0.0006 0.8882
0.0000 0.0004 0.1033 0.0082 0.0115 0.8766
0.0000 0.0175 0.1816 0.0738 0.0516 0.6755
0.0000 0.0344 0.2027 0.1285 0.0733 0.5611

MOTIF filter11
letter-probability matrix: alength= 6 w= 7 nsites= 77518
0.0000 0.0000 0.0000 0.0038 0.9268 0.0693
0.0000 0.0000 0.0000 0.0000 0.8742 0.1257
0.0000 0.0000 0.0000 0.0000 0.8014 0.1985
0.0000 0.0003 0.0036 0.0046 0.7107 0.2808
0.0000 0.0007 0.0000 0.0175 0.5934 0.3883
0.0000 0.0043 0.0255 0.0372 0.4962 0.4368
0.0000 0.0109 0.0469 0.0648 0.4193 0.4581

MOTIF filter12
letter-probability matrix: alength= 6 w= 7 nsites= 21293
0.7164 0.0000 0.0020 0.0000 0.0014 0.2801
0.7164 0.0000 0.0019 0.0234 0.0011 0.2571
0.7164 0.0263 0.0000 0.1351 0.0000 0.1221
0.7164 0.0627 0.0000 0.1741 0.0000 0.0466
0.7164 0.0894 0.0000 0.1940 0.0000 0.0000
0.6413 0.0894 0.0000 0.1777 0.0000 0.0916
0.5771 0.0894 0.0000 0.1340 0.0000 0.1994

MOTIF filter13
letter-probability matrix: alength= 6 w= 7 nsites= 46714
0.0000 0.0000 0.7796 0.0000 0.0000 0.2204
0.0000 0.0006 0.7072 0.0000 0.0003 0.2917
0.0000 0.0009 0.5314 0.0000 0.0000 0.4677
0.0000 0.0026 0.3432 0.0021 0.0034 0.6488
0.0000 0.0068 0.2707 0.0214 0.0183 0.6829
0.0000 0.0153 0.2369 0.0510 0.0281 0.6686
0.0000 0.0285 0.2209 0.0848 0.0404 0.6254

MOTIF filter14
letter-probability matrix: alength= 6 w= 7 nsites= 76322
0.3703 0.0000 0.3300 0.0000 0.0000 0.2996
0.3611 0.0000 0.1538 0.0000 0.0000 0.4851
0.3561 0.0000 0.1058 0.0113 0.0000 0.5267
0.3225 0.0002 0.1732 0.0679 0.0034 0.4328
0.2888 0.0026 0.2364 0.0988 0.0102 0.3632
0.2551 0.0085 0.1767 0.1156 0.0192 0.4249
0.2260 0.0148 0.1438 0.1238 0.0267 0.4649

MOTIF filter15
letter-probability matrix: alength= 6 w= 7 nsites= 67867
0.5746 0.0000 0.0000 0.3280 0.0000 0.0974
0.5214 0.0000 0.0015 0.3303 0.0003 0.1465
0.4688 0.0000 0.0133 0.3321 0.0013 0.1846
0.4153 0.0000 0.0158 0.2588 0.0027 0.3074
0.3702 0.0000 0.0236 0.2128 0.0072 0.3862
0.3252 0.0001 0.0494 0.1796 0.0183 0.4274
0.2873 0.0008 0.0729 0.1564 0.0315 0.4511

