MEME version 4

ALPHABET= ACGU

Background letter frequencies:
A 0.2657 C 0.2250 G 0.2237 U 0.2857

MOTIF filter0
letter-probability matrix: alength= 4 w= 7 nsites= 10680
0.0139 0.4768 0.4216 0.0877
0.6424 0.1590 0.0718 0.1268
0.3216 0.0104 0.5002 0.1678
0.6537 0.0044 0.3266 0.0154
0.3285 0.0084 0.6098 0.0533
0.3307 0.2375 0.3306 0.1013
0.0910 0.1219 0.0907 0.6965

MOTIF filter1
letter-probability matrix: alength= 4 w= 7 nsites= 10949
0.9511 0.0175 0.0148 0.0166
0.5523 0.3303 0.0174 0.1000
0.9028 0.0495 0.0346 0.0131
0.5137 0.4241 0.0266 0.0356
0.8728 0.0745 0.0425 0.0101
0.5201 0.2951 0.1133 0.0715
0.7847 0.1438 0.0274 0.0441

MOTIF filter2
letter-probability matrix: alength= 4 w= 7 nsites= 13025
0.2064 0.5307 0.2336 0.0293
0.1461 0.6336 0.0579 0.1624
0.1467 0.5184 0.2278 0.1071
0.2410 0.0492 0.3768 0.3330
0.0022 0.0817 0.9094 0.0068
0.0090 0.3302 0.6220 0.0388
0.0556 0.6378 0.0756 0.2310

MOTIF filter3
letter-probability matrix: alength= 4 w= 7 nsites= 6450
0.4884 0.3387 0.1728 0.0002
0.0166 0.0147 0.3680 0.6007
0.3231 0.3392 0.2578 0.0800
0.4769 0.0465 0.3003 0.1763
0.9360 0.0002 0.0002 0.0637
0.4980 0.0082 0.2524 0.2414
0.3762 0.0002 0.6027 0.0209

MOTIF filter4
letter-probability matrix: alength= 4 w= 7 nsites= 20008
0.2134 0.5681 0.2184 0.0000
0.1034 0.6881 0.0467 0.1618
0.0913 0.6237 0.2624 0.0225
0.5205 0.2004 0.2013 0.0778
0.1743 0.3803 0.3718 0.0736
0.0378 0.8228 0.1335 0.0059
0.1900 0.5470 0.0243 0.2387

MOTIF filter5
letter-probability matrix: alength= 4 w= 7 nsites= 14688
0.0033 0.1265 0.5494 0.3209
0.0076 0.1048 0.3906 0.4970
0.0321 0.2111 0.1346 0.6222
0.0949 0.0554 0.2851 0.5645
0.0159 0.0766 0.3509 0.5566
0.0142 0.1760 0.1731 0.6367
0.0480 0.2625 0.0876 0.6019

MOTIF filter6
letter-probability matrix: alength= 4 w= 7 nsites= 19623
0.5909 0.0510 0.0887 0.2695
0.6699 0.0236 0.3032 0.0033
0.7303 0.0522 0.1562 0.0613
0.7710 0.0119 0.1179 0.0991
0.6571 0.0560 0.2385 0.0484
0.6371 0.0443 0.2213 0.0973
0.6470 0.0583 0.1499 0.1449

MOTIF filter7
letter-probability matrix: alength= 4 w= 7 nsites= 11881
0.0136 0.5211 0.3310 0.1343
0.5378 0.1263 0.0162 0.3196
0.3712 0.0088 0.6048 0.0151
0.6110 0.0003 0.2912 0.0974
0.1343 0.0324 0.6496 0.1837
0.1913 0.1911 0.0560 0.5615
0.0347 0.1307 0.3924 0.4422

MOTIF filter8
letter-probability matrix: alength= 4 w= 7 nsites= 5734
0.0842 0.0214 0.1225 0.7719
0.2719 0.0098 0.0009 0.7175
0.0781 0.2393 0.0465 0.6361
0.5366 0.1321 0.1248 0.2065
0.3301 0.0007 0.6384 0.0308
0.3402 0.0765 0.0098 0.5735
0.3845 0.1485 0.4669 0.0002

MOTIF filter9
letter-probability matrix: alength= 4 w= 7 nsites= 7406
0.1209 0.1977 0.1026 0.5788
0.0001 0.0117 0.0001 0.9880
0.0001 0.0001 0.0001 0.9996
0.0001 0.0001 0.0001 0.9996
0.1111 0.0937 0.0001 0.7951
0.3514 0.1309 0.0815 0.4362
0.3602 0.1057 0.1962 0.3379

MOTIF filter10
letter-probability matrix: alength= 4 w= 7 nsites= 14015
0.1744 0.1911 0.5044 0.1301
0.1412 0.4247 0.3629 0.0713
0.0683 0.2419 0.5978 0.0920
0.0729 0.3763 0.4634 0.0874
0.0287 0.3500 0.5753 0.0460
0.1325 0.2021 0.5164 0.1490
0.0359 0.3731 0.5810 0.0101

MOTIF filter11
letter-probability matrix: alength= 4 w= 7 nsites= 7608
0.8358 0.1528 0.0016 0.0099
0.1329 0.3190 0.0001 0.5480
0.6804 0.0173 0.0515 0.2508
0.2588 0.4436 0.0013 0.2962
0.9348 0.0130 0.0068 0.0453
0.2361 0.5008 0.0289 0.2342
0.8203 0.1524 0.0219 0.0054

MOTIF filter12
letter-probability matrix: alength= 4 w= 7 nsites= 14637
0.1933 0.0846 0.0839 0.6382
0.0314 0.0242 0.0199 0.9245
0.0001 0.0001 0.0001 0.9998
0.0001 0.0001 0.0001 0.9998
0.0734 0.0329 0.0001 0.8937
0.2309 0.0884 0.1081 0.5726
0.2250 0.0515 0.1841 0.5394

MOTIF filter13
letter-probability matrix: alength= 4 w= 7 nsites= 12936
0.2437 0.3301 0.3341 0.0921
0.3063 0.2440 0.4198 0.0300
0.1643 0.1155 0.5830 0.1372
0.0301 0.2440 0.6764 0.0495
0.3595 0.0402 0.1949 0.4054
0.0850 0.0676 0.8473 0.0001
0.3188 0.0662 0.0872 0.5279

MOTIF filter14
letter-probability matrix: alength= 4 w= 7 nsites= 5664
0.0004 0.1819 0.8176 0.0002
0.4510 0.2410 0.0002 0.3079
0.0921 0.2590 0.5427 0.1062
0.1411 0.4365 0.2357 0.1867
0.0002 0.9658 0.0162 0.0178
0.0496 0.4628 0.0741 0.4135
0.0245 0.3924 0.4083 0.1748

MOTIF filter15
letter-probability matrix: alength= 4 w= 7 nsites= 3139
0.7098 0.0302 0.0010 0.2590
0.0016 0.3455 0.0025 0.6503
0.8479 0.0089 0.0003 0.1429
0.0003 0.3767 0.0286 0.5943
0.4216 0.0006 0.0003 0.5775
0.0620 0.2714 0.0010 0.6656
0.6869 0.0423 0.0204 0.2504

