MEME version 4

ALPHABET= FTIHMS

Background letter frequencies:
F 0.0521 T 0.0544 I 0.1360 H 0.1388 M 0.1104 S 0.5082

MOTIF filter0
letter-probability matrix: alength= 6 w= 7 nsites= 164962
0.0000 0.0000 0.3163 0.0000 0.0027 0.6810
0.0000 0.0002 0.2037 0.0021 0.0004 0.7936
0.0000 0.0071 0.2147 0.0400 0.0275 0.7106
0.0000 0.0162 0.2205 0.0796 0.0507 0.6330
0.0000 0.0266 0.2128 0.1151 0.0668 0.5787
0.0000 0.0384 0.1989 0.1427 0.0759 0.5441
0.0000 0.0518 0.1835 0.1573 0.0801 0.5273

MOTIF filter1
letter-probability matrix: alength= 6 w= 7 nsites= 53476
0.5362 0.0000 0.0293 0.0000 0.0016 0.4329
0.4683 0.0000 0.0203 0.0110 0.0046 0.4958
0.4111 0.0000 0.0696 0.0247 0.0255 0.4691
0.3631 0.0000 0.1009 0.0396 0.0441 0.4523
0.3215 0.0000 0.1165 0.0541 0.0589 0.4489
0.2858 0.0000 0.1250 0.0650 0.0697 0.4545
0.2559 0.0000 0.1311 0.0732 0.0779 0.4620

MOTIF filter2
letter-probability matrix: alength= 6 w= 7 nsites= 78144
0.0000 0.0002 0.0348 0.5007 0.0122 0.4520
0.0000 0.0017 0.0494 0.3740 0.0417 0.5333
0.0000 0.0033 0.0770 0.2843 0.0594 0.5760
0.0000 0.0063 0.1069 0.2175 0.0841 0.5852
0.0000 0.0110 0.1268 0.1736 0.1099 0.5788
0.0000 0.0171 0.1402 0.1410 0.1308 0.5709
0.0000 0.0258 0.1474 0.1180 0.1458 0.5630

MOTIF filter3
letter-probability matrix: alength= 6 w= 7 nsites= 171287
0.0000 0.0020 0.3418 0.0000 0.0068 0.6494
0.0000 0.0073 0.2353 0.0132 0.0335 0.7107
0.0000 0.0141 0.2204 0.0467 0.0529 0.6659
0.0000 0.0228 0.2181 0.0839 0.0688 0.6064
0.0000 0.0330 0.2073 0.1170 0.0795 0.5632
0.0000 0.0443 0.1924 0.1415 0.0852 0.5366
0.0000 0.0573 0.1775 0.1555 0.0864 0.5234

MOTIF filter4
letter-probability matrix: alength= 6 w= 7 nsites= 114693
0.1915 0.0000 0.0000 0.0000 0.5976 0.2109
0.1915 0.0002 0.0118 0.0049 0.5123 0.2793
0.1691 0.0012 0.0212 0.0167 0.4238 0.3681
0.1497 0.0036 0.0339 0.0367 0.3547 0.4214
0.1330 0.0078 0.0499 0.0627 0.3011 0.4455
0.1191 0.0138 0.0647 0.0912 0.2594 0.4519
0.1072 0.0215 0.0770 0.1179 0.2265 0.4499

MOTIF filter5
letter-probability matrix: alength= 6 w= 7 nsites= 17203
0.0001 0.9997 0.0001 0.0001 0.0001 0.0001
0.0001 0.9997 0.0001 0.0001 0.0001 0.0001
0.0001 0.9997 0.0001 0.0001 0.0001 0.0001
0.0001 0.9997 0.0001 0.0001 0.0001 0.0001
0.0001 0.9997 0.0001 0.0001 0.0001 0.0001
0.0001 0.9997 0.0001 0.0001 0.0001 0.0001
0.0001 0.9997 0.0001 0.0001 0.0001 0.0001

MOTIF filter6
letter-probability matrix: alength= 6 w= 7 nsites= 130200
0.0000 0.0000 0.0209 0.5168 0.0097 0.4526
0.0000 0.0000 0.0523 0.4103 0.0250 0.5124
0.0000 0.0020 0.0856 0.3027 0.0520 0.5577
0.0000 0.0054 0.1095 0.2255 0.0811 0.5785
0.0000 0.0100 0.1288 0.1714 0.1077 0.5821
0.0000 0.0163 0.1410 0.1321 0.1304 0.5803
0.0000 0.0247 0.1482 0.1074 0.1469 0.5728

MOTIF filter7
letter-probability matrix: alength= 6 w= 7 nsites= 243259
0.1052 0.0000 0.0087 0.0000 0.0025 0.8836
0.0903 0.0000 0.0284 0.0043 0.0002 0.8768
0.0797 0.0114 0.1551 0.0694 0.0500 0.6345
0.0706 0.0216 0.1919 0.1173 0.0768 0.5218
0.0627 0.0301 0.1856 0.1510 0.0874 0.4832
0.0561 0.0381 0.1710 0.1728 0.0899 0.4720
0.0505 0.0470 0.1581 0.1774 0.0888 0.4782

MOTIF filter8
letter-probability matrix: alength= 6 w= 7 nsites= 153838
0.1626 0.0000 0.0032 0.6980 0.0001 0.1361
0.1427 0.0000 0.0084 0.5620 0.0016 0.2853
0.1260 0.0001 0.0209 0.4307 0.0070 0.4154
0.1116 0.0007 0.0453 0.3202 0.0197 0.5025
0.0992 0.0024 0.0711 0.2427 0.0410 0.5437
0.0888 0.0056 0.0960 0.1873 0.0665 0.5558
0.0799 0.0107 0.1145 0.1483 0.0911 0.5556

MOTIF filter9
letter-probability matrix: alength= 6 w= 7 nsites= 626206
0.0754 0.0167 0.1729 0.1766 0.0500 0.5085
0.0630 0.0214 0.1151 0.1641 0.0496 0.5868
0.0542 0.0258 0.1353 0.1630 0.0645 0.5572
0.0471 0.0312 0.1489 0.1612 0.0769 0.5348
0.0410 0.0375 0.1511 0.1579 0.0866 0.5259
0.0360 0.0447 0.1506 0.1548 0.0934 0.5205
0.0317 0.0534 0.1478 0.1513 0.0974 0.5184

MOTIF filter10
letter-probability matrix: alength= 6 w= 7 nsites= 142755
0.1753 0.0000 0.5581 0.0000 0.0000 0.2666
0.1538 0.0000 0.3419 0.0000 0.0000 0.5043
0.1358 0.0014 0.2380 0.0108 0.0047 0.6093
0.1203 0.0053 0.2038 0.0340 0.0165 0.6201
0.1069 0.0120 0.1920 0.0617 0.0313 0.5961
0.0957 0.0208 0.1853 0.0900 0.0461 0.5621
0.0861 0.0317 0.1778 0.1124 0.0578 0.5342

MOTIF filter11
letter-probability matrix: alength= 6 w= 7 nsites= 109243
0.0000 0.0000 0.0000 0.0204 0.0007 0.9788
0.0000 0.0219 0.3004 0.1245 0.1294 0.4238
0.0000 0.0286 0.2490 0.1547 0.1353 0.4323
0.0000 0.0343 0.1973 0.1742 0.1284 0.4659
0.0000 0.0404 0.1717 0.1823 0.1210 0.4847
0.0000 0.0480 0.1557 0.1722 0.1128 0.5114
0.0000 0.0572 0.1456 0.1677 0.1068 0.5226

