MEME version 4

ALPHABET= FTIHMS

Background letter frequencies:
F 0.0533 T 0.0554 I 0.1351 H 0.1386 M 0.1113 S 0.5062

MOTIF filter0
letter-probability matrix: alength= 6 w= 7 nsites= 91725
0.0713 0.0000 0.0052 0.0000 0.0992 0.8243
0.0260 0.0000 0.0000 0.0000 0.0238 0.9502
0.0000 0.0000 0.0267 0.0098 0.0038 0.9597
0.0000 0.0000 0.0011 0.0321 0.0002 0.9665
0.0000 0.0000 0.0465 0.1017 0.0000 0.8518
0.0000 0.0192 0.1663 0.1618 0.0576 0.5951
0.0000 0.0358 0.1923 0.2016 0.0860 0.4844

MOTIF filter1
letter-probability matrix: alength= 6 w= 7 nsites= 10451
0.0001 0.0880 0.0001 0.0001 0.0002 0.9115
0.0001 0.2044 0.1951 0.0001 0.0001 0.6003
0.0001 0.3272 0.6134 0.0001 0.0001 0.0591
0.0001 0.3862 0.6134 0.0001 0.0001 0.0001
0.0001 0.3862 0.6134 0.0001 0.0001 0.0001
0.0001 0.3862 0.3718 0.0001 0.0001 0.2417
0.0001 0.3862 0.2288 0.0001 0.0001 0.3846

MOTIF filter2
letter-probability matrix: alength= 6 w= 7 nsites= 70053
0.0000 0.0528 0.0000 0.0000 0.9471 0.0000
0.0000 0.0528 0.0000 0.0000 0.7616 0.1856
0.0000 0.0528 0.0000 0.0000 0.5473 0.3998
0.0000 0.0535 0.0016 0.0000 0.3748 0.5702
0.0000 0.0569 0.0353 0.0100 0.2600 0.6378
0.0000 0.0649 0.0705 0.0517 0.2191 0.5938
0.0000 0.0775 0.0934 0.1012 0.1886 0.5393

MOTIF filter3
letter-probability matrix: alength= 6 w= 7 nsites= 175066
0.0796 0.0000 0.0760 0.0110 0.0483 0.7851
0.0527 0.0000 0.0000 0.0155 0.0400 0.8918
0.0281 0.0000 0.0882 0.0089 0.0389 0.8359
0.0129 0.0000 0.1244 0.0197 0.0151 0.8279
0.0000 0.0000 0.1965 0.0288 0.0172 0.7576
0.0000 0.0146 0.2206 0.0769 0.0534 0.6344
0.0000 0.0290 0.2158 0.1159 0.0734 0.5659

MOTIF filter4
letter-probability matrix: alength= 6 w= 7 nsites= 48539
0.9259 0.0000 0.0011 0.0000 0.0000 0.0729
0.8509 0.0000 0.0000 0.0000 0.0000 0.1491
0.7857 0.0000 0.0028 0.0000 0.0000 0.2114
0.7103 0.0000 0.0334 0.0000 0.0004 0.2558
0.6209 0.0000 0.0434 0.0014 0.0033 0.3309
0.5454 0.0000 0.0539 0.0076 0.0132 0.3799
0.4813 0.0000 0.0685 0.0156 0.0242 0.4103

MOTIF filter5
letter-probability matrix: alength= 6 w= 7 nsites= 28363
0.0000 0.4114 0.0000 0.5832 0.0000 0.0052
0.0000 0.4114 0.0000 0.5884 0.0000 0.0000
0.0000 0.4114 0.0000 0.5884 0.0000 0.0000
0.0000 0.4114 0.0000 0.5884 0.0000 0.0000
0.0000 0.4114 0.0000 0.4679 0.0000 0.1206
0.0000 0.4114 0.0000 0.3737 0.0000 0.2148
0.0000 0.4115 0.0119 0.3032 0.0017 0.2717

MOTIF filter6
letter-probability matrix: alength= 6 w= 7 nsites= 15039
0.0001 0.9997 0.0001 0.0001 0.0001 0.0001
0.0001 0.9997 0.0001 0.0001 0.0001 0.0001
0.0001 0.9997 0.0001 0.0001 0.0001 0.0001
0.0001 0.9997 0.0001 0.0001 0.0001 0.0001
0.0001 0.9997 0.0001 0.0001 0.0001 0.0001
0.0001 0.9997 0.0001 0.0001 0.0001 0.0001
0.0001 0.9997 0.0001 0.0001 0.0001 0.0001

MOTIF filter7
letter-probability matrix: alength= 6 w= 7 nsites= 796961
0.0429 0.0282 0.1576 0.1548 0.0567 0.5598
0.0345 0.0324 0.1600 0.1551 0.0541 0.5638
0.0268 0.0372 0.1594 0.1552 0.0501 0.5713
0.0203 0.0431 0.1591 0.1566 0.0590 0.5618
0.0173 0.0497 0.1589 0.1567 0.0716 0.5458
0.0148 0.0574 0.1556 0.1580 0.0803 0.5338
0.0128 0.0669 0.1532 0.1572 0.0874 0.5226

MOTIF filter8
letter-probability matrix: alength= 6 w= 7 nsites= 152488
0.0000 0.0116 0.1110 0.0068 0.1156 0.7550
0.0000 0.0116 0.0624 0.0068 0.0972 0.8220
0.0000 0.0184 0.0526 0.0420 0.0491 0.8378
0.0000 0.0274 0.0043 0.1069 0.0437 0.8178
0.0000 0.0399 0.0074 0.1749 0.0409 0.7369
0.0000 0.0579 0.1136 0.2290 0.0683 0.5312
0.0000 0.0753 0.1452 0.2573 0.0798 0.4424

MOTIF filter9
letter-probability matrix: alength= 6 w= 7 nsites= 140027
0.0383 0.0000 0.1557 0.0008 0.0870 0.7183
0.0170 0.0000 0.1450 0.0012 0.0667 0.7701
0.0000 0.0000 0.1714 0.0076 0.0513 0.7698
0.0000 0.0000 0.0989 0.0436 0.0490 0.8085
0.0000 0.0010 0.0109 0.0853 0.0636 0.8392
0.0000 0.0154 0.1184 0.1423 0.0866 0.6373
0.0000 0.0317 0.1637 0.1890 0.0988 0.5167

MOTIF filter10
letter-probability matrix: alength= 6 w= 7 nsites= 45231
0.0000 0.0028 0.0648 0.0000 0.7815 0.1509
0.0000 0.0028 0.2068 0.0000 0.7903 0.0000
0.0000 0.0028 0.1146 0.0000 0.6704 0.2121
0.0000 0.0028 0.0239 0.0000 0.5610 0.4123
0.0000 0.0035 0.0321 0.0053 0.4778 0.4813
0.0000 0.0079 0.0553 0.0288 0.4105 0.4975
0.0000 0.0172 0.0751 0.0600 0.3557 0.4920

MOTIF filter11
letter-probability matrix: alength= 6 w= 7 nsites= 6825
0.0001 0.0278 0.7940 0.0360 0.0001 0.1419
0.0001 0.0455 0.9044 0.0360 0.0010 0.0129
0.0001 0.0583 0.9044 0.0360 0.0010 0.0001
0.0001 0.0583 0.8581 0.0340 0.0001 0.0493
0.0001 0.0583 0.5818 0.0001 0.0001 0.3595
0.0001 0.0591 0.3947 0.0028 0.0028 0.5405
0.0001 0.0641 0.2923 0.0165 0.0328 0.5941

MOTIF filter12
letter-probability matrix: alength= 6 w= 7 nsites= 95039
0.1625 0.0000 0.2738 0.0000 0.0000 0.5637
0.1146 0.0000 0.5358 0.0000 0.0052 0.3444
0.0624 0.0000 0.2938 0.0000 0.0012 0.6425
0.0238 0.0000 0.0330 0.0000 0.0001 0.9430
0.0000 0.0002 0.0222 0.0025 0.0054 0.9697
0.0000 0.0147 0.1491 0.0554 0.0500 0.7307
0.0000 0.0305 0.1985 0.1005 0.0812 0.5893

MOTIF filter13
letter-probability matrix: alength= 6 w= 7 nsites= 30861
0.0000 0.0000 0.0062 0.8542 0.0708 0.0688
0.0000 0.0000 0.0062 0.8926 0.1012 0.0000
0.0000 0.0000 0.0053 0.8923 0.1011 0.0013
0.0000 0.0000 0.0000 0.7218 0.1000 0.1780
0.0000 0.0003 0.0000 0.6043 0.0799 0.3154
0.0000 0.0005 0.0183 0.4698 0.0691 0.4423
0.0000 0.0022 0.0497 0.3727 0.0666 0.5089

MOTIF filter14
letter-probability matrix: alength= 6 w= 7 nsites= 75891
0.3315 0.1745 0.0000 0.3625 0.0057 0.1258
0.3313 0.1756 0.0000 0.3646 0.0324 0.0961
0.3313 0.1782 0.0000 0.3700 0.0902 0.0302
0.3015 0.1793 0.0000 0.3035 0.1137 0.1020
0.2717 0.1794 0.0000 0.2333 0.0937 0.2220
0.2418 0.1794 0.0102 0.1856 0.0774 0.3055
0.2162 0.1802 0.0281 0.1495 0.0696 0.3564

MOTIF filter15
letter-probability matrix: alength= 6 w= 7 nsites= 55111
0.7079 0.0000 0.1153 0.0081 0.0000 0.1687
0.6411 0.0000 0.1474 0.0332 0.0000 0.1783
0.5846 0.0000 0.1669 0.0536 0.0003 0.1947
0.5281 0.0000 0.1428 0.0586 0.0007 0.2698
0.4799 0.0000 0.1164 0.0625 0.0024 0.3389
0.4234 0.0001 0.1023 0.0574 0.0117 0.4051
0.3751 0.0007 0.1019 0.0532 0.0228 0.4463

