MEME version 4

ALPHABET= ACGU

Background letter frequencies:
A 0.2657 C 0.2250 G 0.2237 U 0.2857

MOTIF filter0
letter-probability matrix: alength= 4 w= 7 nsites= 19804
0.2216 0.4534 0.0292 0.2958
0.2703 0.2526 0.4507 0.0264
0.5595 0.0613 0.3582 0.0210
0.2877 0.1479 0.5389 0.0255
0.2560 0.2057 0.3431 0.1952
0.2377 0.2339 0.3144 0.2140
0.2532 0.2304 0.2923 0.2242

MOTIF filter1
letter-probability matrix: alength= 4 w= 7 nsites= 15469
0.0001 0.0001 0.0001 0.9998
0.0468 0.0412 0.0001 0.9120
0.1732 0.1155 0.0453 0.6660
0.2804 0.0675 0.0986 0.5536
0.2458 0.1393 0.1523 0.4625
0.2605 0.1388 0.1468 0.4540
0.2558 0.1465 0.1552 0.4424

MOTIF filter2
letter-probability matrix: alength= 4 w= 7 nsites= 11679
0.1230 0.6198 0.2395 0.0177
0.0805 0.6736 0.0761 0.1698
0.1356 0.1183 0.6172 0.1289
0.0370 0.2137 0.7466 0.0027
0.2186 0.3195 0.2641 0.1977
0.2177 0.2746 0.2856 0.2221
0.2124 0.2726 0.2954 0.2196

MOTIF filter3
letter-probability matrix: alength= 4 w= 7 nsites= 20790
0.6593 0.2144 0.0310 0.0953
0.8656 0.0542 0.0397 0.0405
0.4418 0.2960 0.1811 0.0812
0.8010 0.1097 0.0893 0.0000
0.4080 0.1880 0.1688 0.2352
0.4457 0.1570 0.1663 0.2309
0.3856 0.2004 0.1658 0.2481

MOTIF filter4
letter-probability matrix: alength= 4 w= 7 nsites= 29066
0.3333 0.3481 0.0250 0.2936
0.0423 0.3442 0.4889 0.1247
0.0000 0.2318 0.7255 0.0426
0.0051 0.6627 0.2846 0.0476
0.2619 0.2893 0.1968 0.2520
0.2092 0.2558 0.3103 0.2248
0.2189 0.2746 0.2850 0.2215

MOTIF filter5
letter-probability matrix: alength= 4 w= 7 nsites= 22983
0.2176 0.0311 0.0000 0.7513
0.0000 0.1657 0.8234 0.0109
0.1669 0.2454 0.4741 0.1135
0.0374 0.4165 0.4408 0.1054
0.2321 0.2762 0.2297 0.2620
0.2032 0.2783 0.2753 0.2431
0.2298 0.2617 0.2678 0.2407

MOTIF filter6
letter-probability matrix: alength= 4 w= 7 nsites= 47582
0.6058 0.0221 0.1819 0.1902
0.5666 0.0789 0.3545 0.0000
0.5922 0.0000 0.2632 0.1446
0.6303 0.0000 0.2046 0.1652
0.3672 0.1532 0.2409 0.2387
0.3713 0.1677 0.2111 0.2499
0.3593 0.1707 0.2073 0.2626

MOTIF filter7
letter-probability matrix: alength= 4 w= 7 nsites= 29315
0.3312 0.2410 0.2535 0.1742
0.0000 0.3217 0.5518 0.1265
0.3292 0.0998 0.2974 0.2736
0.0848 0.0314 0.8838 0.0000
0.2824 0.2035 0.3222 0.1919
0.2702 0.2110 0.2997 0.2191
0.2482 0.2050 0.2986 0.2483

MOTIF filter8
letter-probability matrix: alength= 4 w= 7 nsites= 16009
0.0001 0.0001 0.0001 0.9998
0.1208 0.0001 0.0001 0.8791
0.1953 0.1644 0.0942 0.5461
0.3399 0.0716 0.1576 0.4308
0.2521 0.1388 0.1631 0.4460
0.2760 0.1386 0.1511 0.4343
0.2662 0.1494 0.1609 0.4235

MOTIF filter9
letter-probability matrix: alength= 4 w= 7 nsites= 6338
0.3500 0.0440 0.2412 0.3647
0.0782 0.7906 0.0002 0.1310
0.0435 0.4320 0.0336 0.4909
0.0002 0.9308 0.0002 0.0689
0.3095 0.2770 0.1317 0.2818
0.2280 0.2371 0.2979 0.2370
0.2157 0.2321 0.3075 0.2447

MOTIF filter10
letter-probability matrix: alength= 4 w= 7 nsites= 33255
0.0000 0.1884 0.2232 0.5884
0.1708 0.4656 0.3636 0.0000
0.6429 0.0000 0.0964 0.2607
0.3619 0.0019 0.6199 0.0163
0.2640 0.2128 0.3127 0.2105
0.2706 0.2273 0.2521 0.2499
0.2544 0.2225 0.2548 0.2683

MOTIF filter11
letter-probability matrix: alength= 4 w= 7 nsites= 12005
0.8797 0.0348 0.0199 0.0656
0.3773 0.5737 0.0112 0.0379
0.9682 0.0129 0.0096 0.0093
0.3626 0.5395 0.0109 0.0870
0.5036 0.1777 0.1025 0.2162
0.3624 0.2410 0.1573 0.2393
0.4559 0.1760 0.1567 0.2113

