MEME version 4

ALPHABET= ACGU

Background letter frequencies:
A 0.2643 C 0.2252 G 0.2225 U 0.2880

MOTIF filter0
letter-probability matrix: alength= 4 w= 7 nsites= 111956
0.0913 0.3903 0.4373 0.0811
0.2081 0.3582 0.2406 0.1931
0.2876 0.0737 0.2168 0.4219
0.0629 0.1518 0.4137 0.3716
0.2338 0.2371 0.2555 0.2736
0.2444 0.2356 0.2327 0.2874
0.2438 0.2388 0.2398 0.2776

MOTIF filter1
letter-probability matrix: alength= 4 w= 7 nsites= 30317
0.0125 0.9079 0.0469 0.0327
0.3096 0.0959 0.0911 0.5035
0.0071 0.2466 0.7026 0.0437
0.0000 0.3890 0.5582 0.0528
0.2372 0.3037 0.2392 0.2199
0.2067 0.2759 0.2774 0.2400
0.2045 0.2853 0.2718 0.2383

MOTIF filter2
letter-probability matrix: alength= 4 w= 7 nsites= 20240
0.1464 0.1264 0.0000 0.7271
0.1366 0.0000 0.0000 0.8633
0.0819 0.0000 0.0000 0.9180
0.0000 0.2533 0.0000 0.7466
0.2186 0.1720 0.1189 0.4904
0.2347 0.1643 0.1439 0.4571
0.2553 0.1547 0.1536 0.4364

MOTIF filter3
letter-probability matrix: alength= 4 w= 7 nsites= 44116
0.6073 0.0743 0.2989 0.0195
0.3907 0.0213 0.3246 0.2635
0.4560 0.0873 0.4567 0.0000
0.2391 0.1394 0.3475 0.2740
0.2772 0.2037 0.2775 0.2416
0.2690 0.1990 0.2923 0.2396
0.2766 0.2021 0.2682 0.2531

MOTIF filter4
letter-probability matrix: alength= 4 w= 7 nsites= 21956
0.0681 0.0369 0.0423 0.8526
0.0412 0.0389 0.0000 0.9198
0.1199 0.0380 0.0858 0.7563
0.2824 0.0000 0.0209 0.6966
0.2407 0.1372 0.1653 0.4568
0.2588 0.1352 0.1470 0.4590
0.2632 0.1406 0.1520 0.4443

MOTIF filter5
letter-probability matrix: alength= 4 w= 7 nsites= 4253
0.4024 0.0277 0.1440 0.4259
0.0002 0.0864 0.0002 0.9131
0.9993 0.0002 0.0002 0.0002
0.0002 0.9993 0.0002 0.0002
0.4003 0.2243 0.0500 0.3253
0.2737 0.2098 0.1830 0.3336
0.3474 0.1741 0.1656 0.3129

MOTIF filter6
letter-probability matrix: alength= 4 w= 7 nsites= 21262
0.0134 0.0000 0.0000 0.9866
0.1749 0.1941 0.0040 0.6270
0.4067 0.0000 0.0418 0.5515
0.1757 0.2254 0.1172 0.4817
0.2633 0.1544 0.1319 0.4504
0.2611 0.1485 0.1529 0.4374
0.2650 0.1500 0.1517 0.4333

MOTIF filter7
letter-probability matrix: alength= 4 w= 7 nsites= 8218
0.5028 0.0001 0.0001 0.4970
0.0001 0.2608 0.0001 0.7390
0.4150 0.0001 0.0001 0.5848
0.1781 0.1596 0.0001 0.6622
0.2846 0.1855 0.1500 0.3800
0.2566 0.1937 0.1408 0.4088
0.3021 0.1777 0.1586 0.3616

MOTIF filter8
letter-probability matrix: alength= 4 w= 7 nsites= 22179
0.1309 0.4801 0.1688 0.2203
0.0988 0.2309 0.5576 0.1127
0.0116 0.4289 0.5510 0.0085
0.0368 0.6166 0.3184 0.0282
0.2341 0.2995 0.2319 0.2345
0.2015 0.2731 0.3121 0.2132
0.2113 0.2774 0.3152 0.1961

MOTIF filter9
letter-probability matrix: alength= 4 w= 7 nsites= 11256
0.6926 0.1610 0.0001 0.1463
0.1419 0.6239 0.1342 0.1000
0.9782 0.0001 0.0216 0.0001
0.0001 0.9558 0.0001 0.0440
0.3902 0.2620 0.0791 0.2687
0.2345 0.2925 0.1989 0.2741
0.3243 0.2490 0.1873 0.2393

MOTIF filter10
letter-probability matrix: alength= 4 w= 7 nsites= 37033
0.1311 0.0725 0.7964 0.0000
0.6538 0.1592 0.1447 0.0422
0.3718 0.0975 0.5022 0.0285
0.5074 0.2405 0.1863 0.0658
0.3239 0.2135 0.2302 0.2323
0.3114 0.2006 0.2509 0.2371
0.2987 0.2075 0.2687 0.2251

MOTIF filter11
letter-probability matrix: alength= 4 w= 7 nsites= 22413
0.1931 0.3480 0.3735 0.0855
0.1751 0.2272 0.3697 0.2280
0.4117 0.1788 0.2978 0.1117
0.1245 0.0067 0.7884 0.0804
0.2500 0.2153 0.3595 0.1752
0.2441 0.2257 0.3239 0.2063
0.2167 0.2257 0.3243 0.2334

