MEME version 4

ALPHABET= ACGU

Background letter frequencies:
A 0.2574 C 0.2324 G 0.2297 U 0.2805

MOTIF filter0
letter-probability matrix: alength= 4 w= 7 nsites= 12388
0.4386 0.4592 0.0766 0.0257
0.3259 0.5905 0.0836 0.0001
0.2444 0.3551 0.3908 0.0098
0.4639 0.0182 0.4838 0.0341
0.2329 0.2916 0.2773 0.1982
0.3041 0.2444 0.2545 0.1970
0.2527 0.2763 0.2228 0.2482

MOTIF filter1
letter-probability matrix: alength= 4 w= 7 nsites= 17551
0.0805 0.0994 0.0001 0.8201
0.0001 0.0001 0.0001 0.9998
0.0001 0.0001 0.0001 0.9998
0.1641 0.1958 0.0001 0.6400
0.2260 0.1593 0.1345 0.4801
0.2267 0.1508 0.1488 0.4737
0.2445 0.1456 0.1549 0.4550

MOTIF filter2
letter-probability matrix: alength= 4 w= 7 nsites= 16539
0.3748 0.5073 0.0626 0.0552
0.1744 0.3826 0.4045 0.0386
0.3407 0.1947 0.4645 0.0001
0.1695 0.8254 0.0001 0.0050
0.3224 0.2657 0.1668 0.2451
0.2037 0.2821 0.2836 0.2307
0.2530 0.2896 0.2477 0.2097

MOTIF filter3
letter-probability matrix: alength= 4 w= 7 nsites= 47726
0.2539 0.2314 0.5056 0.0092
0.2773 0.3283 0.2381 0.1564
0.5369 0.0013 0.3834 0.0784
0.1650 0.1986 0.6234 0.0129
0.2662 0.2340 0.2921 0.2077
0.2473 0.2247 0.3154 0.2126
0.2441 0.2182 0.3073 0.2304

MOTIF filter4
letter-probability matrix: alength= 4 w= 7 nsites= 12083
0.1172 0.0001 0.0001 0.8827
0.0001 0.0903 0.0001 0.9095
0.1889 0.0682 0.0590 0.6840
0.1169 0.1534 0.0711 0.6586
0.2276 0.1425 0.1268 0.5031
0.2299 0.1457 0.1421 0.4823
0.2326 0.1418 0.1573 0.4684

MOTIF filter5
letter-probability matrix: alength= 4 w= 7 nsites= 34479
0.0507 0.3348 0.5915 0.0229
0.2589 0.4068 0.2827 0.0515
0.1887 0.2430 0.5192 0.0491
0.2307 0.3248 0.3729 0.0716
0.2137 0.2698 0.3173 0.1991
0.2033 0.2561 0.3385 0.2021
0.2071 0.2583 0.3364 0.1982

MOTIF filter6
letter-probability matrix: alength= 4 w= 7 nsites= 2554
0.2588 0.0004 0.0004 0.7404
0.0180 0.6403 0.0004 0.3413
0.1728 0.4402 0.3565 0.0305
0.5528 0.0188 0.4179 0.0106
0.2396 0.2486 0.2506 0.2611
0.2510 0.2498 0.2404 0.2588
0.2690 0.2283 0.2283 0.2744

MOTIF filter7
letter-probability matrix: alength= 4 w= 7 nsites= 10766
0.1130 0.0001 0.0001 0.8868
0.1852 0.2578 0.0238 0.5331
0.1173 0.0567 0.3094 0.5166
0.1716 0.1592 0.0471 0.6221
0.2271 0.1453 0.1557 0.4719
0.2251 0.1437 0.1592 0.4720
0.2376 0.1594 0.1537 0.4493

MOTIF filter8
letter-probability matrix: alength= 4 w= 7 nsites= 6380
0.6200 0.0224 0.0661 0.2915
0.0002 0.7895 0.0002 0.2102
0.7177 0.1701 0.0727 0.0395
0.0002 0.9995 0.0002 0.0002
0.3690 0.2909 0.0606 0.2794
0.2014 0.3452 0.1898 0.2635
0.3311 0.2315 0.1869 0.2505

MOTIF filter9
letter-probability matrix: alength= 4 w= 7 nsites= 34405
0.1145 0.0827 0.6531 0.1498
0.0425 0.0803 0.8772 0.0000
0.0404 0.3433 0.6086 0.0077
0.0422 0.5741 0.2883 0.0954
0.2289 0.2896 0.2250 0.2565
0.1929 0.2746 0.3272 0.2053
0.2143 0.2631 0.3231 0.1995

MOTIF filter10
letter-probability matrix: alength= 4 w= 7 nsites= 13267
0.0001 0.0001 0.0001 0.9998
0.0047 0.0274 0.0071 0.9609
0.1839 0.0312 0.0451 0.7398
0.1872 0.3043 0.0267 0.4818
0.2444 0.1603 0.1185 0.4768
0.2263 0.1491 0.1576 0.4670
0.2415 0.1544 0.1568 0.4473

MOTIF filter11
letter-probability matrix: alength= 4 w= 7 nsites= 16852
0.2295 0.0739 0.0001 0.6965
0.7904 0.1558 0.0537 0.0001
0.7582 0.0001 0.1414 0.1003
0.5696 0.0018 0.3558 0.0729
0.3787 0.1624 0.2386 0.2203
0.3763 0.1827 0.1779 0.2631
0.3512 0.1799 0.1988 0.2701

